1	21.660275563019017
2	13.133403338477883
3	13.133403338477883
4	12.918760917316884
5	25.886913358538763
6	25.886913358538763
7	21.103882959370125
8	21.103882959370125
9	36.57451877154389
10	36.57451877154389
11	39.308385320420456
12	39.308385320420456
13	5.093576256029842
14	5.093576256029842
15	4.8077733391131465
16	4.8077733391131465
17	0.0
18	0.0
19	21.528340502891538
20	21.528340502891538
21	18.702037618088475
22	18.67697553215646
23	54.63692331658865
24	54.63692302737091
25	5.763348292474504
26	5.763348292474504
27	35.244615830891156
28	35.244615830891156
29	31.109921543383944
30	31.109921543383944
31	54.744722331613836
32	54.744722014994316
33	26.975655866448772
34	26.975655866448772
35	45.10735650334747
36	45.10551660301395
37	5.708786349167996
38	5.708786349167996
39	8.1149710249252
40	8.1149710249252
41	0.0
42	0.0
43	34.56514300448067
44	34.56514300448067
45	38.930854951546316
46	38.92897957282884
47	26.987180620599567
48	26.976755446609445
49	30.09634901270214
50	30.046367322540334
51	30.219189612957173
52	30.202442598656965
53	33.328179423929996
54	33.328179423929996
55	38.89807465288149
56	38.8972503357183
57	30.398662703049165
58	30.398662703049165
59	11.090169306355477
60	11.090169306355477
61	36.31049395104101
62	36.3103191884825
63	5.816703665757618
64	36.4402964830973
65	12.648114904611514
66	4.680648348041892
67	26.216647650879562
68	32.300113293465934
69	27.99004494420715
70	28.803041942126686
71	31.443632925226723
72	38.78447870919199
73	15.416130817706945
74	35.08927557334528
75	31.192387957552278
76	23.723035149861893
77	23.202021586192966
78	24.90348370737441
79	36.19907885879731
80	25.165832725003753
81	25.97634722784896
82	23.530766811411382
83	43.37547234949344
84	18.10047853669362
85	36.53891323503706
86	18.442592320700037
87	39.06766124505198
88	12.545722104707018
89	25.93344885456957
90	38.23139785038173
91	21.684627996262236
92	5.708786349167996
93	34.87426508909287
94	24.940096887659564
95	23.373834683324205
96	25.51524217418097
97	29.418292414183465
98	0.0
99	49.131372419432246
100	24.256091028669818
101	24.360875839253442
102	24.430092754738535
103	40.02361236246323
104	25.840420390279093
105	24.39619646928354
106	35.850963351699704
107	29.445377186679867
108	0.0
109	6.410196395986437
110	36.53431530095492
111	28.614112512263986
112	28.889055548010308
113	39.25355291108889
114	16.893091573046185
115	33.04316339184749
116	36.54596849668529
117	26.875058797329135
118	39.3394592089753
119	32.15780233026131
120	5.703845396232837
121	28.75568298116134
122	6.385444220156337
123	31.89185783363355
124	39.104078885974495
125	28.527955575281403
126	34.54582641667559
127	31.74843453067719
128	23.422071892330322
129	26.773659930698358
130	33.17841454738619
131	30.465149541540313
132	19.285071514663056
133	22.9762594456917
134	32.81783717777655
135	29.509844810976738
136	38.25459670102092
137	4.296418373909036
138	28.27434608667221
139	30.51428593851207
140	22.332389830282885
141	35.008085727741225
142	27.751708779320175
143	37.36219024921372
144	22.48267275458216
145	8.292752895304552
146	30.374679996856017
147	40.896297404963136
148	26.565848715351102
149	12.545722104707018
150	22.715930854215475
151	28.704595332739455
152	31.238720465033513
153	7.7500633370251
154	28.102520778584218
155	19.44718336734503
156	7.898050623583803
157	12.262782920306275
158	28.19437544716205
159	40.67356444516008
160	10.48092918970058
161	37.716205712817214
162	28.539200603001326
163	33.96739275955047
164	28.634264564045807
165	23.238138228833865
166	37.61595875580981
167	28.15727546675955
168	36.86689792753422
169	7.547802101390584
170	25.27768416570756
171	5.358709640575048
172	29.63536163222022
173	17.89760147477508
174	33.7547857857812
175	21.17427728986921
176	35.7586762761508
177	26.698274226173368
178	17.090493098565425
179	27.692571595277027
180	37.37889162544395
181	44.23731889243414
182	0.0
183	38.17471803274406
184	27.90169606146978
185	25.761194187502912
186	30.3248593164664
187	37.482913952064095
188	25.124810646331323
189	23.952508963991583
190	28.46344375724261
191	24.72130351221515
192	19.387604963900444
193	36.725537794237475
194	20.95632311042229
195	17.998712467378983
196	10.985032550187368
197	12.18693980353235
198	12.877964624885324
199	29.92191375381241
200	27.951397577158527
201	22.26341390474254
202	22.26341390474254
203	22.26341390474254
204	22.26341390474254
205	22.26341390474254
206	21.136814349310164
207	32.25570858876902
208	35.27181889888037
209	18.561891558716297
210	32.1198202793294
211	35.065625236170135
212	24.185161058803207
213	18.512154891803807
214	23.00856981001449
215	29.63536163222022
216	29.359349430450706
217	23.288757537093172
218	28.897497227110676
219	28.000162253490025
220	18.254352521585027
221	18.601690185358308
222	11.342329396648406
223	5.357879693133373
224	37.93527590456707
225	16.551608196246427
226	20.607924269440833
227	16.927807669619135
228	30.919530330298706
229	31.355486146580926
230	13.299316741221928
231	20.902010695341023
232	12.14519249122024
233	14.218983109914001
234	10.172801710797826
235	17.46538360061554
236	39.87218069896609
237	30.990863439356364
238	14.17933398504029
239	24.083066944810646
240	18.1187308198976
241	37.21667299124326
242	34.77064133933441
243	29.22353381108924
244	40.58633067621461
245	33.87119558995763
246	34.26387180024101
247	30.81676714221429
248	5.282017168717245
249	28.098639824078543
250	21.619182502816205
251	14.691104586457884
252	6.979434488534193
253	19.180107345744005
254	31.130683106328004
255	29.120018528853308
256	21.752982742338773
257	28.0309302699605
258	15.530345393381177
259	9.053955326776812
260	5.499782333404215
261	34.030436748622535
262	45.44795352072385
263	29.20624557862165
264	34.28978575019523
265	32.9168515337944
266	27.36247621861867
267	30.586736135348993
268	4.921367529260379
269	24.173526897542352
270	10.380702091299316
271	9.117361879813942
272	19.182656895345797
273	31.55223397387811
274	29.99622027079769
275	30.919483610744887
276	16.82345589226548
277	9.556205125423899
278	21.230685566928415
279	17.410589561266015
280	23.842992782842632
281	29.70936597850359
282	10.380702091299316
283	24.668395099756964
284	29.8376623795982
285	40.83089370831699
286	38.135799619435026
287	8.00628909744483
288	35.5457662358053
289	23.38770789213683
290	4.68585302974871
291	10.477665556762553
292	8.423030186777893
293	4.236227468094116
294	2.685204421476793
295	4.1108312720638125
296	17.59014008677922
297	24.39235648146478
298	19.12555179435275
299	39.16487041661943
300	17.36784504580227
301	16.99138198150151
302	31.53380668517001
303	25.6633650701127
304	28.263923953016317
305	31.34343527559246
306	19.12555179435275
307	19.65030021238463
308	17.869582093771296
309	32.9916436388974
310	20.43330266610769
311	26.88934809913425
312	15.245638405302037
313	18.254352521585027
314	18.870241291683364
315	35.969057855897724
316	19.309480268028345
317	18.254352521585027
318	38.03002915831711
319	15.849976520373584
320	42.189785553599854
321	33.771777964234126
322	27.06976680915604
323	44.14577493203857
324	32.90883680066897
325	31.07092366231522
326	24.744804526270038
327	23.318990865707836
328	11.862316610453748
329	18.892656364210982
330	27.44911628015141
331	40.06027169776132
332	30.653748854714767
333	24.059279181413668
334	32.17137224842327
335	24.059279181413668
336	23.810044338037077
337	18.1187308198976
338	26.477123980229504
339	24.059557332119788
340	16.14853078667044
341	38.883822741251855
342	14.17752826863609
343	13.583870149481372
344	32.62402239662893
345	38.41808040956157
346	16.87835042838083
347	15.55531271086602
348	12.567231718546527
349	10.251909987121426
350	38.589200987049296
351	20.073840825412496
352	24.0546169526319
353	10.030816562836653
354	34.75385101257297
355	12.940346572497093
356	17.672717058260172
357	18.65596347148277
358	18.322045372825613
359	38.406348909611204
360	19.08925141487889
361	13.479846248110467
362	26.152251308120917
363	19.562041578758958
364	21.03415217468885
365	34.448187563109855
366	14.168205873069804
367	13.451355273051739
368	17.509668893433965
369	13.828059477765668
370	25.797772625369117
371	25.468837551747278
372	27.867681171507837
373	44.323438220433246
374	42.34063993668817
375	21.600084159855662
376	17.68918162563152
377	13.310011809745879
378	15.838901833825108
379	44.132595694944335
380	14.322350785422325
381	0.0
382	13.624659557020944
383	13.359439888871586
384	14.708006608227656
385	13.625207007863247
386	13.32411397779198
387	13.337288417169075
388	31.16927402050943
389	28.241712938395924
390	14.276720391896717
391	13.781399935134457
392	13.860188431287522
393	13.349524925853409
394	15.477405732136331
395	13.48234201822555
396	13.48754510797576
397	13.597177820819256
398	13.310011809745879
399	28.127528576140644
400	13.381863180462599
401	8.110683018326666
402	18.686144572343643
403	18.96153627489371
404	17.46560449764147
405	15.40140564432768
406	23.24396852794237
407	28.745811119159765
408	15.423863345312581
409	23.57731574299173
410	16.121443314565322
411	0.0
412	0.0
413	0.0
414	29.26076565593894
415	16.828737366529904
416	17.713939417505657
417	16.28511977830642
418	19.850492520553082
419	27.889364161104098
420	15.006272589180961
421	16.91674020953591
422	19.348170534009718
423	38.146885647005575
424	36.15488304297329
425	21.27034689378628
426	16.314904318798455
427	33.40047638467775
428	4.790086477421979
429	18.109602267625174
430	18.009422678406718
431	16.528705178352368
432	18.183823841235053
433	8.606321421175519
434	28.77473535223567
435	14.025548266738038
436	18.104537357045324
437	37.04134115600624
438	18.288117542089097
439	31.352557069625615
440	23.244894663277464
441	28.439338976524162
442	28.586073807954605
443	31.987456388041135
444	23.466284685429656
445	20.37322145362825
446	11.812510588519391
447	8.343309251939186
448	37.08007553831116
449	37.325966107712404
450	18.33881488699613
451	20.52959747027601
452	5.185218219409397
453	6.609799906184263
454	13.035542924860819
455	13.269368050594055
456	13.757236654724473
457	14.233391734322142
458	13.788748831777076
459	41.63270788440616
460	18.844803794687014
461	20.619347915526205
462	29.52342332756242
463	18.379639348523693
464	19.221805448768546
465	20.820583457674783
466	48.21531517785231
467	7.325251699550967
468	28.7768479307694
469	22.16853873507343
470	31.166602235893205
471	19.145662671893795
472	42.281474089104236
473	34.90759616526929
474	9.95871293618934
475	24.64321894543279
476	15.143582777523264
477	19.072903500700736
478	16.415385600755833
479	18.466664569693915
480	18.09791576204213
481	1.5659186898729012
482	4.364075289018477
483	4.812831080752789
484	18.379639348523693
485	6.10930269968666
486	4.47554270273131
487	6.042856945906144
488	13.889807732390748
489	27.89201335782236
490	2.0468333285773226
491	21.032067167731476
492	20.893284822042123
493	27.35657549577238
494	21.143384716640533
495	18.84135860007824
496	25.66936189412103
497	27.75667081739431
498	34.53387152230822
499	18.93750659727919
500	21.56449964072522
501	8.308020003322314
502	19.510045460334876
503	36.8309563910208
504	28.89520583041446
505	31.214310630099213
506	29.51148193555326
507	9.702264622644943
508	32.600019577419395
509	19.736498002735008
510	20.139913032359853
511	18.85357523677512
512	24.75292096588107
513	43.89779254967634
514	23.473474630184434
515	11.201633289979663
516	18.742477588942048
517	26.873777176798818
518	26.873777176798818
519	21.019733018263004
520	36.80899888900156
521	0.0
522	27.726652194425526
523	31.132336315799492
524	9.988865480035406
525	25.2366464462498
526	32.2562733459014
527	16.708198394404924
528	27.992743998000247
529	10.579047724998999
530	33.89004531970079
531	31.255376712234554
532	22.564790320903512
533	7.636932454691765
534	19.933510797456428
535	23.569582590962995
536	29.984336882317486
537	3.685413254072384
538	2.1267880239543047
539	18.82729598401605
540	32.40278132147913
541	25.41399938579511
542	19.282317883904344
543	28.448163213674132
544	25.472290416231335
545	11.3801704877177
546	27.0444908977812
547	11.465346542428241
548	37.4337714337488
549	24.764364638091358
550	8.525800524734915
551	7.610323498219776
552	9.59540823803583
553	33.943109875250094
554	9.141726205092137
555	6.653935025784037
556	9.141726205092137
557	29.33387380884952
558	4.704323368637559
559	29.29097944307396
560	29.167111589827556
561	4.3868911698606485
562	16.653176877280703
563	10.808883909335307
564	24.287313559604993
565	12.87689589087244
566	19.709279336576074
567	18.336993612919848
568	18.92970829769068
569	15.796392048677104
570	21.750114369953824
571	29.874903664596932
572	22.42725062259773
573	27.94842741322913
574	17.072390784353182
575	5.813268379194651
576	2.9594178836265828
577	24.352129534830542
578	30.47942205582963
579	25.2357353977119
580	15.744142470362378
581	54.8848737913783
582	54.92195677743984
583	29.423067475732807
584	54.903719551389514
585	54.93010156342926
586	22.943133819344517
587	3.0796896705654753
588	54.874382170571806
589	54.907080350071865
590	54.888876738120885
591	6.581446563243472
592	3.382359852542271
593	54.92195677743984
594	54.93010156342926
595	5.633356767921234
596	36.738548469850755
597	23.76014717304009
598	30.368498243758435
599	20.746308446937157
600	21.022995252023556
601	31.442677705593745
602	31.442677705593745
603	17.30942435120689
604	28.9927616108994
605	28.506565638135996
606	19.058735377345727
607	28.891012744140173
608	31.09960310001298
609	29.646511784908718
610	39.10788977863271
611	32.2539279549698
612	18.06664578594209
613	26.29107221782376
614	54.92195677743984
615	25.2115404366263
616	54.911050633908616
617	31.55753311791556
618	54.88262250461685
619	33.55249702427009
620	31.28379047317979
621	30.788146240517154
622	20.823355670874374
623	29.184436046062814
624	19.709279336576074
625	6.653935025784037
626	23.295992791580563
627	0.0
628	24.25919212876086
629	46.23310856786735
630	32.0213656264031
631	26.00888650046467
632	6.470341879453869
633	32.26113220486174
634	33.56291016829073
635	17.8229938245866
636	20.10657587152238
637	17.60884026965835
638	23.295992791580563
639	31.60876038386669
640	26.36211318699171
641	3.070595080044887
642	32.60037626889401
643	18.03419813525881
644	18.03419813525881
645	28.640619115288114
646	30.532095631894844
647	31.385572141206094
648	5.985145973896652
649	7.404908252521495
650	28.608649055429343
651	30.28784811453951
652	19.998669304595037
653	0.0
654	31.56314026333316
655	23.992187119206857
656	8.373649788388215
657	13.197831589779671
658	25.415672547841748
659	32.18612874186805
660	26.15787293732709
661	41.506399592866124
662	19.1990072270164
663	24.921937456009037
664	3.542715314632508
665	3.1126086356598557
666	28.211274482244526
667	21.206101704840062
668	25.38969360918525
669	0.0
670	19.93090650512285
671	26.23027778043714
672	26.817242262766516
673	21.616591536261865
674	33.01266196876316
675	16.324204646504917
676	14.967261971977765
677	27.65921916534376
678	18.29525837977799
679	20.46511613453148
680	38.97499855867286
681	27.73316495532103
682	28.74982043734118
683	21.558485604220955
684	32.68770831524247
685	29.419894251130458
686	26.882122437154656
687	23.97235184527329
688	29.06944461073875
689	10.562582939303947
690	7.007059433546527
691	5.774532576160283
692	3.005420292711279
693	19.63523008607609
694	40.57926065362776
695	21.826924795406658
696	13.507257801906938
697	22.695348809390488
698	27.57173476692705
699	23.83830166500694
700	6.781553414992202
701	33.94742774940489
702	30.08829012664547
703	20.033435797839882
704	6.313567909156922
705	30.414644389820438
706	28.502792895948183
707	42.514371771141455
708	9.59054619623668
709	25.07160671891563
710	28.74982043734118
711	34.066970949923665
712	21.206101704840062
713	31.31164277695015
714	26.637946305484252
715	18.887318906964072
716	22.242798172577558
717	30.81702876149322
718	0.0
719	19.660123762309226
720	2.9909710223182335
721	19.95317982721607
722	25.428178762385148
723	15.950163403258506
724	26.426481548570415
725	32.29789733833703
726	40.57926065362776
727	0.22161955931360866
728	5.202465421197558
729	29.419894251130458
730	16.269020749928234
731	29.495554195834554
732	40.57926065362776
733	26.89552406817884
734	23.413744807758626
735	14.198558328642028
736	16.902390472130815
737	6.71695222301913
738	17.807429442987594
739	8.380631179769741
740	25.794120261553896
741	29.001505468314694
742	26.478092675893794
743	28.92183364405645
744	7.966657429457886
745	8.926834390662512
746	28.999646615186617
747	7.931877127813903
748	8.075199909981562
749	8.095430647858766
750	23.076755423469436
751	7.710102565726629
752	7.772569810296906
753	38.33826464362229
754	7.939405774961535
755	32.457796889255455
756	9.464806223648564
757	16.69275238202321
758	19.870824474450647
759	5.813587363038292
760	16.680186341177876
761	6.326365066480517
762	28.74246346015255
763	15.858199657312138
764	28.853588502474594
765	16.69275238202321
766	6.351836213907021
767	13.911257646027012
768	5.669601925518968
769	15.320817314957997
770	26.482525637319796
771	36.46970717364008
772	13.192201261054665
773	16.72733532402365
774	26.29273261859602
775	25.097035827443325
776	22.20347018378678
777	21.67124840911006
778	14.887810870661177
779	25.699363630562164
780	16.680186341177876
781	27.48545034986881
782	6.450529456068904
783	6.269811164156185
784	25.845209586997484
785	21.577004372001436
786	5.048063563207385
787	28.89478536005348
788	35.909133148942495
789	6.450529456068904
790	22.79043434740925
791	17.50814111234333
792	11.05687457117194
793	13.028521441118306
794	29.49091591228343
795	44.46274835996705
796	22.67480234857768
797	26.881096058067538
798	32.02421432794952
799	22.25699180587499
800	24.175440825410767
801	30.51939104355106
802	28.93608607703727
803	25.960845187060805
804	27.10078450572798
805	34.967374991193346
806	34.43996381300102
807	30.04397538305785
808	14.500964095697197
809	30.78451889802935
810	0.0
811	11.986323015255268
812	27.9761845954472
813	22.131748819579624
814	12.182622374168002
815	13.99114352685946
816	25.42583424804458
817	26.36211318699171
818	5.596512568091167
819	18.620540544028444
820	6.795446936927974
821	15.91074622716365
822	0.0
823	17.052042971824356
824	14.980731701118483
825	0.0
826	26.709343918694454
827	15.566671215715687
828	23.61106874415785
829	0.0
830	30.260014951473924
831	15.512410911825494
832	17.868041372398643
833	20.31248321841218
834	25.673793193268473
835	40.20465136931962
836	48.07909341836728
837	9.335553628179241
838	27.32670269870118
839	21.931750679925404
840	22.84545655848903
841	17.932040451052124
842	16.951257603319583
843	23.3848880515597
844	42.85501305338068
845	35.78581303832769
846	24.259610909145252
847	30.300334540209143
848	24.966223846281668
849	24.452505105927575
850	33.239990800564584
851	18.241027318729135
852	28.723198667086884
853	25.5709601681919
854	26.962277505937994
855	24.811477603648772
856	27.836839082147527
857	27.836839082147527
858	27.836839082147527
859	27.931689106093504
860	27.836839082147527
861	29.35675932396138
862	27.216856231763746
863	32.560031083778355
864	6.651028443048249
865	23.669294078732744
866	10.322872233619268
867	26.36211318699171
868	33.4315282936419
869	35.98103862602845
870	35.67180638097586
871	41.754513107815626
872	18.390445520264304
873	18.19876610145037
874	32.8974450502107
875	45.667073037049306
876	20.185047700338597
877	19.363115978689134
878	25.65038172851856
879	33.08232587609084
880	28.577725797783593
881	29.076682772021265
882	22.673933417176375
883	35.61921477953861
884	27.298565378750087
885	0.0
886	36.10318897309339
887	6.430380555229031
888	27.767260702463577
889	36.12897682464924
890	23.230899578133222
891	37.05706490513233
892	21.55506572219965
893	13.47806075015565
894	21.801341990568986
895	35.489231593443975
896	32.541989294184695
897	31.12433191084819
898	28.536105725564497
899	42.15160021651941
900	30.70109262502296
901	2.9440146950022568
902	15.446214895643976
903	35.6614496149518
904	34.40810073911176
905	35.67554974851897
906	35.79940800650656
907	33.96406507861529
908	35.74766576931443
909	19.40872301083804
910	34.88375210400266
911	36.503263332038614
912	17.60124474500714
913	7.777577403562004
914	29.954608191712826
915	12.796913125975792
916	13.479302758643428
917	27.783305198547588
918	23.482546738740375
919	16.78849485861721
920	25.332244311332502
921	29.293338213597703
922	4.349825235693941
923	29.178493351337973
924	23.635165685094872
925	12.498219087143168
926	24.948783421939932
927	12.273478394584583
928	7.8405250387427
929	10.472634125903086
930	38.09804244512096
931	12.498219087143168
932	31.373190724204797
933	33.773838791168096
934	5.711048193635444
935	2.5139209895043515
936	29.37274481968671
937	21.580400224853197
938	27.514877600231724
939	26.251226795253995
940	25.289142399672716
941	11.024344110059896
942	29.397860034488843
943	28.050019134444653
944	19.694776285088135
945	28.149832679766785
946	35.69115917713869
947	23.836202041825537
948	39.17080443837983
949	16.988611696557633
950	12.754642709658054
951	26.703740391859807
952	31.706159020420746
953	25.87627885710931
954	29.167111589827556
955	23.621939674798007
956	23.621939674798007
957	31.6055891316145
958	36.394835576161974
959	32.58668633627107
960	23.635746359360052
961	23.242475827607638
962	19.961139059528904
963	11.090169306355477
964	0.0
965	33.69766328890906
966	31.126769954135376
967	27.10078450572798
968	17.41299615283672
969	20.9644161032387
970	20.64686118303881
971	15.035405482534856
972	27.136194653372353
973	30.21551645996194
974	11.6741063730657
975	6.974526225689561
976	26.537953470801035
977	15.705026191294472
978	8.469226070553864
979	12.608532953281504
980	21.335179173078103
981	24.605671559794818
982	43.1809250098093
983	22.943133819344517
984	32.482204346945444
985	29.426425721302394
986	56.68986049857443
987	8.980084586083382
988	20.798103225921484
989	20.57021681522574
990	20.57021681522574
991	20.57021681522574
992	20.57021681522574
993	20.57021681522574
994	20.57021681522574
995	20.57021681522574
996	20.57021681522574
997	20.57021681522574
998	20.57021681522574
999	24.325038844420465
1000	17.738170062563242
1001	20.62541284430577
1002	20.96037440012493
1003	26.343010137629097
1004	25.07356881048248
1005	17.738170062563242
1006	17.738170062563242
1007	20.96037440012493
1008	18.923855617302284
1009	25.334227166901094
1010	20.96037440012493
1011	7.462370832960763
1012	24.12563377918956
1013	23.282953919612783
1014	27.5427302225497
1015	25.416839228299025
1016	26.84946299329223
1017	22.11560568992005
1018	24.848281440352196
1019	23.623372194395753
1020	23.623372194395753
1021	23.623372194395753
1022	23.623372194395753
1023	26.734404165902912
1024	26.380956966514262
1025	25.314203350929706
1026	21.25781132022005
1027	22.33844868561364
1028	26.380956966514262
1029	25.314203350929706
1030	23.15008966446911
1031	23.959134974705506
1032	22.402886513885615
1033	21.342325705937178
1034	8.259959611432548
1035	27.8529973987693
1036	34.11311162412402
1037	21.954086601354014
1038	18.258132860240618
1039	20.86331700698905
1040	33.429436915200036
1041	19.30037927175255
1042	26.462282063050246
1043	5.895867684938819
1044	33.78974049281385
1045	33.983903296558424
1046	30.312523434642284
1047	23.770714160823957
1048	8.481529790265215
1049	33.35862950033941
1050	29.678737252276154
1051	30.0198258849075
1052	26.38551567028567
1053	28.071363249874466
1054	22.675121573493346
1055	34.91028745865361
1056	26.750167281300524
1057	30.65537750608736
1058	8.054315801830919
1059	8.16465064355995
1060	29.219876509826253
1061	3.9955715293396743
1062	24.05893045949973
1063	27.740326096123454
1064	22.523262521390055
1065	22.415836268363027
1066	34.91028745865361
1067	22.204322950306437
1068	22.309730401250008
1069	22.54787572310524
1070	23.00856981001449
1071	26.472617838404997
1072	24.229893723716373
1073	26.24485283748541
1074	26.282800955400038
1075	21.830545879298732
1076	28.620302002632243
1077	28.620302002632243
1078	28.620302002632243
1079	28.620302002632243
1080	19.946398810317767
1081	34.35295963718781
1082	6.62165307397688
1083	33.91397960873895
1084	26.55865453445805
1085	26.759653246409496
1086	20.614836955837472
1087	10.567511486520567
1088	26.596301431325784
1089	28.620302002632243
1090	28.620302002632243
1091	26.55865453445805
1092	28.457299509983837
1093	28.77942621976869
1094	28.714636513555597
1095	26.38548743093944
1096	28.620302002632243
1097	26.09165566721167
1098	26.55865453445805
1099	26.55865453445805
1100	28.62030200263224
1101	27.733244414051818
1102	23.67586236667111
1103	28.82580968978763
1104	18.844803794687014
1105	34.43125618726819
1106	22.732614764841195
1107	26.214492207348112
1108	29.86810230174764
1109	30.917711429762075
1110	26.565848715351102
1111	26.565848715351102
1112	23.206259902439648
1113	30.342580202223903
1114	11.464808116945624
1115	29.805740357927164
1116	31.852537447236227
1117	19.933510797456428
1118	33.240116792863255
1119	32.26857872570635
1120	31.62367055913204
1121	25.616247225726347
1122	32.55775160352824
1123	21.227298534532945
1124	20.647161049124588
1125	21.165933166774856
1126	20.664154932850085
1127	21.78876643986321
1128	20.61943181755869
1129	18.93750659727919
1130	24.64321894543279
1131	16.66263726245942
1132	17.93587333181796
1133	28.473713224393528
1134	34.091977257925876
1135	21.119450335955875
1136	21.68169853286559
1137	18.614033070459765
1138	23.42536685736223
1139	16.66263726245942
1140	21.119450335955875
1141	31.654959013358997
1142	15.788961926287085
1143	39.6242579935159
1144	19.5351870980739
1145	20.878881784043465
1146	30.774730325950983
1147	4.683731113956279
1148	40.272923085430634
1149	30.774730325950983
1150	31.37411890288294
1151	34.461648890133816
1152	33.62409960591857
1153	31.62866317981638
1154	33.996578655507044
1155	16.396844597904686
1156	33.4796138667288
1157	3.6052486563092065
1158	18.115679239969175
1159	19.857834125554962
1160	15.18229912737731
1161	28.56048128342217
1162	31.754617844450284
1163	32.18860836874697
1164	26.513090284176954
1165	26.909525433589668
1166	31.359295866708685
1167	31.58527339199411
1168	34.44914674146464
1169	28.330092885043197
1170	41.112200409009525
1171	16.724321651105868
1172	32.15945295929032
1173	23.34093217755384
1174	26.520420342489764
1175	30.404482870568877
1176	30.631707457440058
1177	18.601690185358308
1178	11.342329396648406
1179	32.32495729166463
1180	26.04697060006529
1181	28.632987682319726
1182	11.405065478257402
1183	23.11389203104873
1184	29.69409835238619
1185	29.69409835238619
1186	29.694835109197317
1187	24.478517169335472
1188	15.476638189460171
1189	27.588852028066757
1190	40.655408196686906
1191	23.46197218295574
1192	15.1734724637917
1193	18.198801992296215
1194	29.69409835238619
1195	29.331767864528974
1196	29.31973604186408
1197	4.785893481482218
1198	25.681463533060178
1199	4.785893481482218
1200	26.092681334888105
1201	22.47205835994124
1202	13.711817424523167
1203	25.567150617560003
1204	27.21096304946576
1205	27.322400755275915
1206	34.427913813561794
1207	16.69361020725849
1208	23.663729145733775
1209	26.00287136735179
1210	22.956579599717042
1211	16.310930708902365
1212	29.938110158022763
1213	24.749026218566364
1214	20.012284076935178
1215	33.744818374018756
1216	20.18358723545229
1217	16.477531550288493
1218	27.78129447960128
1219	31.871215426751032
1220	17.15718198720813
1221	27.414319133492466
1222	32.322074950662916
1223	22.00876029452049
1224	28.645019663520365
1225	20.49240733131013
1226	20.343457102204304
1227	25.417304215727565
1228	26.78176995578159
1229	35.154735945780416
1230	11.2356385029428
1231	27.543450605998174
1232	30.41950574809358
1233	0.0
1234	20.717212385537305
1235	10.262537950975384
1236	23.242475827607638
1237	29.167111589827556
1238	17.87610304220978
1239	19.961139059528904
1240	20.11176058517402
1241	21.440396608759055
1242	17.339046066937264
1243	19.978340554998237
1244	31.814981941461642
1245	15.557224472439668
1246	35.085665165140874
1247	24.693960535800223
1248	35.21039112118952
1249	25.706854058859033
1250	15.816916093605005
1251	15.41895244280784
1252	17.114785183393387
1253	15.381911979441407
1254	16.426269389301904
1255	14.4157817732263
1256	15.583375538362962
1257	16.481945503025667
1258	18.710334876561774
1259	14.699915464327104
1260	18.41246054875519
1261	16.3275236221876
1262	14.115933520150358
1263	16.262629350828735
1264	15.500473058392446
1265	15.982832453934975
1266	18.336993612919848
1267	28.838382859628965
1268	26.2222764662375
1269	20.61752557186175
1270	22.02465958911534
1271	34.1445395558537
1272	27.782866792848825
1273	7.62539916954861
1274	18.540381582316385
1275	24.09110300117287
1276	18.61950865386801
1277	23.07897039411675
1278	23.340880351820143
1279	25.00666164120375
1280	24.06283885483673
1281	16.105351700228976
1282	18.215930895927205
1283	20.46562308362295
1284	31.91957257616366
1285	45.88550631621637
1286	26.600197896561596
1287	25.59346462803545
1288	22.472890291136856
1289	27.129971618959033
1290	23.40276565446097
1291	26.366852645382668
1292	26.225865951491652
1293	19.288282216436517
1294	26.15498783251287
1295	22.315289809240532
1296	23.608357222757526
1297	22.016936345537328
1298	24.311700545240075
1299	27.42969382586916
1300	20.686855121024994
1301	20.5388181093077
1302	27.982319066773925
1303	25.692215817488133
1304	22.288220378739748
1305	22.162729723469162
1306	20.259862801824717
1307	21.74594163788184
1308	22.74166124831115
1309	21.762716642660912
1310	21.238814174216383
1311	25.774704777011667
1312	20.134527078754598
1313	21.984620299566178
1314	26.94187997913271
1315	26.033018816976124
1316	35.16859452799877
1317	5.229086585795607
1318	19.288282216436517
1319	6.615992918955439
1320	24.05893045949973
1321	9.80356817045256
1322	23.68551489477447
1323	22.44692478334339
1324	28.198304968653623
1325	30.604164101971712
1326	35.627047302970986
1327	34.02446932828087
1328	34.350514382939544
1329	36.11304323704572
1330	19.451306566560742
1331	22.352645270548983
1332	22.44683866123441
1333	25.352391196419056
1334	34.86898930623855
1335	34.92211786950157
1336	35.84635922122285
1337	13.523929064842427
1338	20.454477707385546
1339	21.801935992162935
1340	10.746756200021776
1341	37.40039076836108
1342	29.06944461073875
1343	5.9514308730190715
1344	27.753103963040104
1345	18.879355198644134
1346	21.21615676003747
1347	24.758509205634823
1348	21.192151483326437
1349	22.336557298475284
1350	14.69340530762599
1351	32.303650397252845
1352	20.22086482022403
1353	28.45532109168031
1354	24.304881082967043
1355	0.0
1356	22.84640974198132
1357	24.63593389384428
1358	0.0
1359	27.949907440305598
1360	23.488541045265794
1361	19.58266794907944
1362	19.58266794907944
1363	19.58266794907944
1364	31.333518076453352
1365	40.1551864141648
1366	38.64951716117514
1367	19.58266794907944
1368	23.867793891154005
1369	0.0
1370	26.457180542451113
1371	24.51625062791624
1372	30.507571222210515
1373	12.604223470936343
1374	18.082727034581595
1375	24.083678598880624
1376	23.561826132256453
1377	28.271890909294406
1378	21.887940363977545
1379	22.150040905057416
1380	0.0
1381	21.587377420064755
1382	27.18372160008817
1383	34.54344903021163
1384	22.15577052261325
1385	25.39520371527361
1386	27.3746770463541
1387	7.12083511670588
1388	34.729204336444894
1389	13.910751188832512
1390	6.195745263135473
1391	22.187710757642698
1392	21.342325705937178
1393	32.72450118753808
1394	9.074180655418951
1395	20.605732281498064
1396	18.997724549486513
1397	20.728944623081095
1398	11.022477685360554
1399	25.0257881319003
1400	22.148550776905665
1401	29.776167618462377
1402	33.45273300410856
1403	34.28702482132662
1404	44.12104019438625
1405	7.140393754853826
1406	5.373150925960064
1407	4.931358023524327
1408	34.1445395558537
1409	26.016100085776703
1410	32.060037151733475
1411	31.76320764472175
1412	26.279944834645868
1413	36.27246837946211
1414	35.21961047810223
1415	2.793804855762469
1416	31.510687019182306
1417	35.305615514174235
1418	25.951578537893315
1419	27.772320390853732
1420	37.12524334765735
1421	15.104084040303722
1422	20.121363590745947
1423	8.077680858509245
1424	8.074922170905932
1425	29.175597760067777
1426	26.034837412984086
1427	22.098071034156547
1428	29.465109163915496
1429	29.96098114486945
1430	29.814422407612817
1431	26.01972168976081
1432	2.5571636819184973
1433	28.042365261457363
1434	37.21428112683072
1435	33.33144963906605
1436	31.499495763399384
1437	21.391268449142903
1438	29.781877780404646
1439	17.442521090755122
1440	17.003544949814405
1441	20.492762255028843
1442	4.494090492083219
1443	24.35178722075476
1444	24.627074559433208
1445	27.095253585212113
1446	21.205497813878914
1447	22.723160943123027
1448	27.944163887302608
1449	20.29075252034566
1450	18.64325259196217
1451	16.67324442207676
1452	22.677059391492573
1453	20.01546003971413
1454	22.7916668490263
1455	4.878360542722684
1456	23.472310296832962
1457	18.49138427900286
1458	11.248835811433615
1459	16.076830433915053
1460	18.07702319397843
1461	15.55531271086602
1462	39.6912561253119
1463	39.63928573354293
1464	8.969805895333794
1465	25.43629299775076
1466	21.67220920687387
1467	29.423324224913433
1468	35.04735197337786
1469	13.025233266896542
1470	13.025233266896542
1471	28.609264055788632
1472	16.242836729355577
1473	27.342528803212424
1474	39.889883533873544
1475	24.546878288326596
1476	30.801012322022927
1477	28.294325602662795
1478	20.741915057513676
1479	29.198821109243504
1480	39.6074832331997
1481	13.189968103883276
1482	13.189968103883276
1483	13.270801252518515
1484	13.110113711514417
1485	13.189968103883276
1486	13.189968103883276
1487	13.189968103883276
1488	13.189968103883276
1489	13.189968103883276
1490	20.602709125226742
1491	13.189968103883276
1492	13.189968103883276
1493	25.38567473753909
1494	30.69573553031256
1495	27.807584639080503
1496	22.128117134947818
1497	12.365043171460158
1498	28.335573424552564
1499	15.216003112543666
1500	21.60957979869618
1501	18.952543624996952
1502	46.908566261127866
1503	21.743900894128338
1504	7.32871489156028
1505	15.512410911825494
1506	28.079546759162277
1507	30.10712602735127
1508	6.585060631149218
1509	23.25387585711333
1510	18.17458202326778
1511	17.990720253762884
1512	17.216135163327547
1513	18.01357429172149
1514	22.60361276900157
1515	21.38467377762816
1516	17.91946636355518
1517	35.205766641251095
1518	30.551296346475684
1519	18.03552050029537
1520	11.48774757278064
1521	10.626308707481863
1522	12.569142073776234
1523	28.73780056544627
1524	39.71517026832352
1525	25.981900970266047
1526	10.02353284666087
1527	28.877793867459
1528	20.04170861881462
1529	5.850752226273335
1530	29.260271552997093
1531	28.25322274471863
1532	11.541366707713966
1533	15.512410911825494
1534	37.654101305074434
1535	29.423364767977038
1536	24.721817077638164
1537	22.779916161963946
1538	5.361110888078848
1539	6.88622517385216
1540	19.21057333247619
1541	27.454429382216446
1542	14.521749591471115
1543	30.72891212534806
1544	19.22296538157019
1545	18.643340325567895
1546	0.0
1547	6.275807152550094
1548	0.0
1549	29.14172988748412
1550	6.275807152550094
1551	0.0
1552	6.275807152550094
1553	6.275807152550094
1554	6.275807152550094
1555	6.275807152550094
1556	12.333727792963042
1557	10.482327585355867
1558	6.275807152550094
1559	6.275807152550094
1560	6.275807152550094
1561	6.275807152550094
1562	6.275807152550094
1563	0.0
1564	6.275807152550094
1565	16.731315800867034
1566	19.840750968045203
1567	6.275807152550094
1568	6.29102695643524
1569	6.275807152550094
1570	25.745540939805817
1571	20.30333810880845
1572	3.542715314632508
1573	6.275807152550094
1574	3.68336189578291
1575	6.275807152550094
1576	0.0
1577	0.0
1578	0.0
1579	0.0
1580	0.0
1581	0.0
1582	0.0
1583	0.0
1584	0.0
1585	0.0
1586	21.18268121501145
1587	0.0
1588	0.0
1589	0.0
1590	0.0
1591	0.0
1592	0.0
1593	0.0
1594	0.0
1595	0.0
1596	0.0
1597	0.0
1598	0.0
1599	0.0
1600	0.0
1601	0.0
1602	0.0
1603	0.0
1604	0.0
1605	0.0
1606	0.0
1607	0.0
1608	0.0
1609	29.959792300886672
1610	0.0
1611	0.0
1612	0.0
1613	0.0
1614	0.0
1615	23.890204460935752
1616	47.94522569027906
1617	27.122712607947992
1618	43.78424066163294
1619	37.005002329393626
1620	37.21199765169306
1621	43.81246482687833
1622	65.93407181008872
1623	5.623978905180431
1624	21.72499655731146
1625	7.6877663086379195
1626	6.286857931165094
1627	44.96269520518895
1628	29.217350142259217
1629	0.0
1630	14.053251363843076
1631	23.880929329610108
1632	42.31267704733767
1633	23.43333696457243
1634	0.0
1635	0.0
1636	28.704396033465642
1637	25.08538002215351
1638	36.00305737653559
1639	6.445822533770532
1640	23.975050568092627
1641	29.757651220696186
1642	2.7384785260463276
1643	18.509301339812048
1644	5.379742091685648
1645	7.240286128297731
1646	7.652530582497228
1647	26.549650502443814
1648	42.04679597928262
1649	9.866396052295554
1650	10.4101492510387
1651	14.548742614071804
1652	21.082799536804117
1653	4.958204708007969
1654	17.485780253713244
1655	26.52303351616479
1656	29.658902755790933
1657	6.483598697622993
1658	32.437277986554655
1659	32.437277986554655
1660	27.569059365941243
1661	30.985382458787058
1662	28.254813922606374
1663	26.742865004962063
1664	32.70108820539492
1665	29.96834992391985
1666	0.0
1667	27.469002687771116
1668	27.834883339431215
1669	31.313146722268552
1670	29.87953603363837
1671	25.512555781174292
1672	35.362056211071454
1673	30.574218718806502
1674	36.62379468497045
1675	21.48446403523964
1676	8.816655590536705
1677	35.17002389414324
1678	22.83839545402431
1679	21.988580361487386
1680	65.79260870515456
1681	16.279616373791015
1682	33.01064754546841
1683	21.46515994487115
1684	41.39981620236186
1685	33.34331496906417
1686	30.54297210970336
1687	24.865799653192486
1688	22.980092369427403
1689	21.629798848842373
1690	34.83467898860716
1691	37.439870584825265
1692	21.05536903098984
1693	23.707379354380773
1694	28.602268898735804
1695	35.23055932992601
1696	21.81075771841661
1697	15.652836444794305
1698	24.556911443361397
1699	19.387604963900444
1700	28.591806308081505
1701	16.775056838833766
1702	31.083125230039872
1703	29.846629518506518
1704	33.10686947233761
1705	42.75421732959612
1706	24.6704146001942
1707	32.910537770911475
1708	26.629092884170536
1709	29.391582341215926
1710	16.374136536190715
1711	26.339892234245845
1712	30.629113600559666
1713	28.356598496463082
1714	27.615978479936807
1715	28.318350998162522
1716	39.107038631923515
1717	27.53403193541159
1718	28.572863888979374
1719	23.654632744897498
1720	22.327736789035328
1721	16.178341367359334
1722	34.24044198087733
1723	32.1646454813433
1724	22.447838357839675
1725	29.122136262631315
1726	24.400327016160055
1727	26.804425216772533
1728	25.61921537350328
1729	16.850226442654883
1730	31.705079220482737
1731	37.86036843844005
1732	31.633437457260147
1733	22.140499252469652
1734	17.816044251707613
1735	15.139350159324733
1736	19.982915831580716
1737	34.33584785389151
1738	34.24044198087733
1739	26.008528358828684
1740	6.483598697622993
1741	39.89154170345151
1742	33.96409916297701
1743	23.55030969993857
1744	24.226778774341877
1745	15.720832089426104
1746	15.715483779569505
1747	11.215040672928744
1748	17.463507957399358
1749	37.41226746428147
1750	34.26400217881481
1751	27.218158099558167
1752	24.3853688210424
1753	29.479179034590082
1754	11.02946275873393
1755	15.571046645779434
1756	25.84460947011679
1757	26.599310265723418
1758	24.92269450443473
1759	14.674497050520621
1760	27.347246657685222
1761	28.083071798195267
1762	26.931583653065243
1763	27.65371370455057
1764	33.83424734548765
1765	26.392370525048158
1766	24.300251461934153
1767	25.575391969169594
1768	27.07815380358995
1769	26.05920738455416
1770	25.557809614736264
1771	5.704559298374994
1772	24.76080562086169
1773	10.002824398592557
1774	40.11232780251057
1775	23.447012365034848
1776	17.125606396193064
1777	34.48565561772981
1778	20.55610733601979
1779	23.349831545013135
1780	18.866489328067452
1781	29.78478641893211
1782	24.806750910841522
1783	14.537245999818028
1784	3.9340515422746583
1785	42.679906635498135
1786	15.557334449240319
1787	5.204128888232788
1788	18.194451046334166
1789	26.181359809642238
1790	34.4244664038533
1791	27.72698065206404
1792	16.651094453791966
1793	29.344983528695494
1794	29.344983528695494
1795	36.63936896662491
1796	6.261667888386552
1797	53.75642056212764
1798	29.390716526146637
1799	29.390716526146637
1800	27.924800927565187
1801	30.304427353217687
1802	30.304427353217687
1803	25.74666841024577
1804	10.742805159752802
1805	28.28570416734109
1806	30.460992529131723
1807	33.98546950151344
1808	30.23594492811075
1809	19.264318593480255
1810	19.36212696256824
1811	30.349811854807704
1812	21.78091396140229
1813	22.17872590189368
1814	23.99082650769563
1815	26.667132422239696
1816	21.12994175248606
1817	6.754467994771774
1818	28.815537371287952
1819	29.219015987409687
1820	45.69215767561095
1821	24.57924442437974
1822	8.274179876376657
1823	26.755195122900435
1824	21.414008080348808
1825	18.19384249265307
1826	18.066281705156566
1827	15.471877631396852
1828	25.48708663541053
1829	16.393111386675866
1830	27.70499041872358
1831	11.10391802199664
1832	23.06834477867308
1833	11.10391802199664
1834	29.070853663658593
1835	22.447178641107953
1836	28.771200781447657
1837	20.894713885937584
1838	34.75504834010162
1839	32.802852808803536
1840	27.04268062838198
1841	33.59890064163416
1842	29.65767961160277
1843	30.8226959164684
1844	27.55356407747258
1845	3.067265614390475
1846	30.009597151670224
1847	31.060445364384243
1848	3.067265614390475
1849	31.062848135571357
1850	17.005037389833827
1851	38.96699711167191
1852	27.114492571694765
1853	30.93410829730638
1854	30.82041108657906
1855	20.3510634671399
1856	27.946995859014827
1857	11.782742915311383
1858	35.906316186045245
1859	32.69871281507648
1860	33.75413740383816
1861	23.118423358100976
1862	3.0677845397082355
1863	19.94075072021456
1864	29.494817802916202
1865	24.191420336151864
1866	24.00494416041525
1867	29.1013804154433
1868	35.436470369828704
1869	33.41860884636997
1870	4.460269591399505
1871	37.55984316770081
1872	22.667691712469768
1873	31.320451738340513
1874	31.26992133495191
1875	26.83606587915568
1876	37.91374945438618
1877	26.449160576199354
1878	34.950233170719216
1879	15.613601646564353
1880	27.50780473163423
1881	0.0
1882	15.625976514274397
1883	28.049894655832315
1884	32.02149460937807
1885	36.55782540379799
1886	43.50221486643146
1887	9.72228496228369
1888	5.816703665757618
1889	14.556500226026088
1890	26.226946766953496
1891	5.092941296727736
1892	5.092941296727736
1893	9.868947550360879
1894	5.092941296727736
1895	5.092941296727736
1896	5.092941296727736
1897	25.328302632532317
1898	22.33725598059526
1899	8.937647836550502
1900	22.998838276525625
1901	40.07389830624796
1902	19.231583350591272
1903	22.491173503660036
1904	26.032049009316033
1905	14.405376575551264
1906	20.92164588707308
1907	27.006320198092887
1908	13.35524109151935
1909	4.1312152956473875
1910	29.586098558142286
1911	25.897764509539893
1912	28.44647325568728
1913	17.829963028164045
1914	14.181891172907232
1915	33.02396599465761
1916	19.338646427197645
1917	18.9952833531187
1918	26.464356481646757
1919	15.1814890740155
1920	24.029796018740058
1921	28.57343748948266
1922	26.583456279484974
1923	31.70590444747029
1924	36.994255521661266
1925	31.12003790834788
1926	14.675287520636969
1927	24.791199670839827
1928	29.272722065254833
1929	33.97736406473177
1930	25.422043170633536
1931	30.328262357439424
1932	26.996231988094465
1933	22.611096464881488
1934	20.66764329898715
1935	30.883401780116603
1936	25.378241875920242
1937	6.630677166823578
1938	25.884946786834984
1939	24.47633365401351
1940	22.901952670651657
1941	29.0756768115635
1942	24.563286504332932
1943	23.600127226923508
1944	22.01596183017015
1945	23.755077774028386
1946	19.35755190642848
1947	29.65671033176253
1948	28.16477134635112
1949	27.339316161705952
1950	29.176527124981458
1951	17.96149024269025
1952	36.55393797690053
1953	27.685362489731105
1954	0.0
1955	24.329393839612113
1956	17.947407238412552
1957	28.41750912820074
1958	25.002367383155974
1959	29.429418491371628
1960	25.456293941209765
1961	20.841625019495183
1962	17.96149024269025
1963	14.826021948435189
1964	17.624669155700634
1965	5.43852157707536
1966	19.253772407096083
1967	33.922412444186925
1968	23.600127226923508
1969	24.930582440116776
1970	4.019409183541719
1971	32.61256829512661
1972	19.34274260778431
1973	31.2743904765892
1974	31.061293111244574
1975	19.37824266146976
1976	19.37824266146976
1977	16.011244392530426
1978	19.37824266146976
1979	17.96149024269025
1980	17.96149024269025
1981	19.519306912351997
1982	6.170954388339337
1983	10.830799546697918
1984	32.96906570051682
1985	38.809947979035286
1986	26.0690406396522
1987	26.768239096308236
1988	27.805634745805026
1989	20.674611265747917
1990	26.607146617668743
1991	24.84663393673195
1992	3.5339110752466314
1993	5.119331500241938
1994	27.865618280903494
1995	20.098186800972137
1996	20.17388912229808
1997	19.52075996898274
1998	27.8176211051791
1999	29.79694473234732
2000	19.860327395692536
2001	8.916728065688314
2002	29.13354133826967
2003	33.404564400562904
2004	32.48411307000647
2005	37.82215596083584
2006	15.768985457403353
2007	9.724148628615
2008	26.76221155360788
2009	26.857312785196623
2010	26.8680288702945
2011	9.724148628615
2012	28.690960001558633
2013	27.20989373035999
2014	27.20989373035999
2015	25.075214742528033
2016	30.265650301085284
2017	20.23234836879928
2018	27.248295878832113
2019	8.95465673813784
2020	33.404564400562904
2021	32.48411307000647
2022	29.13354133826967
2023	28.09329300028696
2024	32.14834322133558
2025	24.858471365403425
2026	28.907298954350043
2027	32.18988794101876
2028	7.993023261486153
2029	7.844413088238307
2030	23.287833413950064
2031	30.828861179020056
2032	24.909883245580026
2033	0.0
2034	28.681744117066533
2035	19.31125166134265
2036	20.773351865861144
2037	27.700921182800524
2038	27.719128094546104
2039	25.2717831004359
2040	28.0284125452054
2041	23.85872497401016
2042	6.54980425587448
2043	36.89171998564194
2044	33.94542731978953
2045	28.78155949518223
2046	31.47412902047784
2047	24.47526348252536
2048	24.063748428394817
2049	19.57825832299277
2050	23.886483572774363
2051	31.477881498352335
2052	19.53420795593294
2053	27.01505085749148
2054	9.538838195717132
2055	33.33724788415176
2056	35.75977054102964
2057	10.289420525899102
2058	29.7706824849789
2059	20.3491317599658
2060	36.85381153410214
2061	17.915843167806038
2062	28.568881903246854
2063	8.963611953532077
2064	19.395087013483096
2065	33.19451396875569
2066	27.22753612344012
2067	29.230961857531955
2068	33.737899750968275
2069	42.818119053639066
2070	25.57618924363723
2071	22.638485915527937
2072	9.038644137606477
2073	8.34861593389885
2074	27.419855041644908
2075	21.563642508199468
2076	12.909471866817416
2077	47.946510452690184
2078	20.70152726243697
2079	28.102308637003965
2080	8.963611953532077
2081	26.210909981227175
2082	33.34437097932244
2083	26.332990829580254
2084	21.407449707417772
2085	26.902662100159993
2086	26.381782860016973
2087	22.280437734118895
2088	28.300955632264504
2089	22.933944415336967
2090	9.718771454449621
2091	37.047290461075036
2092	24.22816764347603
2093	5.841251152329442
2094	16.284956470409643
2095	16.48470139954267
2096	16.723705923612943
2097	25.416491557056496
2098	0.0
2099	25.570641808049967
2100	25.56390785062423
2101	38.41031442155555
2102	10.643361737521635
2103	10.627536773360662
2104	28.726366286368805
2105	22.755754945142474
2106	38.38336126823952
2107	22.849804578469872
2108	10.800515302503637
2109	16.369831574601484
2110	11.088047327046802
2111	16.884684036032997
2112	16.3001051798675
2113	29.65750067848019
2114	16.030221538097425
2115	15.67775577868554
2116	22.165705927185535
2117	16.04887959218322
2118	5.554960657410485
2119	34.860963754173916
2120	28.472464050939763
2121	28.510085183289164
2122	22.690126554675484
2123	15.346370357351937
2124	32.88013397919245
2125	28.593502181759924
2126	26.52722927692039
2127	30.50503230405186
2128	15.382977242223273
2129	15.500553851627044
2130	28.11771875694931
2131	23.35497908077537
2132	32.011110397391775
2133	32.02779673960179
2134	32.011110397391775
2135	32.011110397391775
2136	32.02779673960179
2137	19.953523660311983
2138	23.19843159469863
2139	8.750841596604639
2140	26.56012000872757
2141	30.156435328144457
2142	27.578007087688597
2143	28.449772694854936
2144	0.0
2145	21.40289332876106
2146	13.755730056870362
2147	33.34938210730823
2148	21.141031375148224
2149	31.674718651242383
2150	20.716811494187848
2151	23.70434031949901
2152	5.669601925518968
2153	15.975903327366023
2154	20.424078421006815
2155	10.443013320982692
2156	34.225921954965486
2157	31.40177766202386
2158	20.879496063132677
2159	15.913048748136742
2160	21.435220964049357
2161	31.645697120257616
2162	30.57181451439058
2163	31.067259187750498
2164	26.628857804935688
2165	28.535171322158156
2166	21.64263788186551
2167	27.19123482609958
2168	8.17340582631296
2169	30.668716781964562
2170	16.468466775169233
2171	18.727165248541112
2172	21.27779470571969
2173	26.812504616743862
2174	21.575453719228868
2175	22.563285549064275
2176	17.001924349819525
2177	27.855889977623846
2178	27.855889977623846
2179	27.855889977623846
2180	22.212160084228348
2181	28.572657744159642
2182	25.180067435940604
2183	25.180067435940604
2184	10.894375300258478
2185	30.850382264937405
2186	33.49569895909099
2187	23.630011141333032
2188	22.137206078469724
2189	26.02912619500842
2190	1.7234051991075543
2191	1.7234051991075543
2192	12.120217573385746
2193	15.278699203537373
2194	32.94885240416919
2195	32.94885240416919
2196	19.87371286198478
2197	8.28830718845111
2198	2.763809590165078
2199	18.24045237112892
2200	24.95138581681869
2201	33.749264558131784
2202	27.579349323007776
2203	4.616614678006306
2204	4.84349145616794
2205	32.85955746882779
2206	24.00494416041525
2207	18.625215654624174
2208	18.625215654624174
2209	23.103319200213864
2210	29.9149099470839
2211	18.58887518912632
2212	23.31069130069076
2213	23.917687513989964
2214	32.221823506202234
2215	33.03264302817467
2216	21.47924971927746
2217	32.39894787827545
2218	26.507853428129444
2219	21.210401383569636
2220	30.297062874442474
2221	18.263238163138762
2222	20.30544478938997
2223	22.200492763369148
2224	19.010636417103292
2225	29.886920409422757
2226	27.205962073782246
2227	25.982766526929705
2228	29.510745431876806
2229	30.024971918568674
2230	27.446021717101157
2231	27.417662547984644
2232	32.430206186875495
2233	27.253038184817083
2234	27.417662547984644
2235	15.90196706139572
2236	27.417662547984644
2237	24.12933282280827
2238	27.417662547984644
2239	27.41862478575439
2240	27.41862478575439
2241	19.010636417103292
2242	27.014718500182177
2243	19.010636417103292
2244	22.993584644408724
2245	16.59572939083288
2246	0.0
2247	24.443862159506487
2248	24.697272810689512
2249	19.089614173728908
2250	31.656229109779414
2251	10.460696069652302
2252	28.747166294857106
2253	32.90179255142241
2254	5.225771185724497
2255	33.0030855736242
2256	25.987942944454872
2257	22.037328382857563
2258	33.41843616797917
2259	27.684098970841482
2260	15.580137038183484
2261	3.4649595555155286
2262	29.31275813558439
2263	20.94974152415157
2264	28.341220469629526
2265	35.3574007460035
2266	25.1715698586829
2267	2.065027659213967
2268	33.58180614894073
2269	17.207134600109615
2270	32.82246214298847
2271	18.249547828265275
2272	29.881603742286195
2273	26.78818521642237
2274	18.264334042026164
2275	24.66735244356097
2276	48.31890410300671
2277	13.069240957931761
2278	13.069240957931761
2279	23.585400188788448
2280	20.26303205649782
2281	36.37626657686645
2282	48.31890410300671
2283	22.228600909437656
2284	28.7978635961255
2285	27.50567663796622
2286	31.264598306299472
2287	31.123820061676206
2288	27.056846793297638
2289	25.888476594289497
2290	11.886707628747983
2291	11.8730607097694
2292	29.175009655299814
2293	22.166710142184296
2294	31.847630062234558
2295	20.774245048967256
2296	30.680271701310225
2297	0.0
2298	0.0
2299	0.0
2300	0.0
2301	5.970285828479659
2302	5.553710410219958
2303	27.24311655390011
2304	5.155891834405672
2305	4.987084335925773
2306	4.227280876944877
2307	3.828747971013308
2308	4.476084604453061
2309	5.2210916415716495
2310	26.353106033493095
2311	26.562736976411617
2312	15.70323871583977
2313	23.703315055952086
2314	9.533048341936107
2315	12.252822168703768
2316	8.454985599155973
2317	29.296034311040067
2318	29.402837625910152
2319	4.224036315082789
2320	4.5862899189603255
2321	28.30391151404804
2322	6.445022684013351
2323	31.123820061676206
2324	9.521551427983377
2325	28.124615330682953
2326	6.247781257851779
2327	7.340956488422731
2328	32.598870224109774
2329	18.746945798092316
2330	36.73776835604971
2331	32.598870224109774
2332	26.60856939310017
2333	5.0600233043703815
2334	5.0600233043703815
2335	25.92495702915143
2336	24.91963759859174
2337	32.17965023387183
2338	31.798893967906803
2339	28.81421504965636
2340	29.209763655087766
2341	23.51680190059535
2342	35.84862309322719
2343	23.937563051103755
2344	10.897635028690004
2345	30.77844117271644
2346	31.943318676038068
2347	30.77844117271644
2348	30.638300278506286
2349	16.454133927291572
2350	9.56743277740807
2351	18.183738066641386
2352	13.619506643001106
2353	22.249246952365
2354	18.461295952910696
2355	25.293369412805518
2356	22.984369708282752
2357	22.255481326043668
2358	24.87415599071466
2359	29.13089409571715
2360	18.461295952910696
2361	3.828747971013308
2362	4.098632316520699
2363	6.072099425968557
2364	11.122026570494599
2365	4.97088758921627
2366	6.018787928090922
2367	28.858217505723665
2368	4.724970191762582
2369	3.6620401036986574
2370	24.928365819818787
2371	7.087119197259658
2372	6.666217934265102
2373	37.91382386341126
2374	1.3156584704011418
2375	0.0
2376	5.034152987361067
2377	5.904663881269106
2378	8.57076473642928
2379	28.954570906091725
2380	5.262470790606458
2381	28.771200781447657
2382	6.10106793127444
2383	3.9120045297465365
2384	4.586684390408894
2385	4.772530620284113
2386	5.119937045159198
2387	4.067803359713568
2388	36.62346275992841
2389	6.86237988213055
2390	5.227375899711907
2391	3.828747971013308
2392	6.968171369455733
2393	5.1091309580896525
2394	7.941377896219066
2395	4.655271212080974
2396	5.964386611845129
2397	5.12179095896106
2398	5.002686417007307
2399	7.782908340375566
2400	29.06508186416894
2401	3.9040908329086754
2402	28.930830620997963
2403	7.315125704073108
2404	28.886901393681832
2405	22.400555786799966
2406	43.53762876693783
2407	5.249192632173633
2408	4.834970157518193
2409	35.383546708856436
2410	30.492100298081986
2411	6.000500452318748
2412	6.3208780167821565
2413	7.06475820543934
2414	4.088105773987528
2415	29.398566893855705
2416	20.53373564470525
2417	5.636317679629885
2418	5.2210916415716495
2419	5.840647706907183
2420	28.885988635358576
2421	7.009023461789929
2422	6.2915652849967705
2423	4.782456474743982
2424	5.391223124665799
2425	40.014996747096504
2426	5.889980881593724
2427	7.589669215817773
2428	4.708885036385844
2429	4.81812243590675
2430	20.77362990282113
2431	4.417369294735599
2432	4.893085149282338
2433	7.689081890360977
2434	6.445022684013351
2435	4.2264644282440065
2436	4.575586122911183
2437	5.538587491898241
2438	30.298195384105558
2439	28.1175041675459
2440	4.306766088317862
2441	9.715453185269853
2442	36.45143648609505
2443	29.1980227505034
2444	0.0
2445	23.671404614362963
2446	31.277051117383227
2447	17.87824591129077
2448	26.454699422814034
2449	17.49833253412591
2450	33.5110250819305
2451	19.385945744591897
2452	0.0
2453	8.881997546557464
2454	43.9641246364354
2455	31.277051117383227
2456	28.391876094415323
2457	23.70999698911102
2458	22.643847776026565
2459	27.293986616680495
2460	28.330092885043197
2461	26.78818521642237
2462	18.011650363755663
2463	28.840374584278884
2464	34.44914674146464
2465	46.22244319865737
2466	5.390741064269696
2467	29.790916417365846
2468	20.21662086231877
2469	24.35391312203762
2470	30.739948996621408
2471	9.149762299345314
2472	27.544180105015887
2473	48.74517728527139
2474	24.865606934200905
2475	30.85980065787072
2476	29.36875951628066
2477	33.11611967426815
2478	42.87775779857994
2479	36.753235427894836
2480	11.319560218585048
2481	36.20223361309613
2482	6.195721300882911
2483	5.713757363563181
2484	35.05984631982308
2485	21.02225569188131
2486	26.283688057335137
2487	36.55782540379799
2488	37.80035092140095
2489	24.443750001670047
2490	21.02225569188131
2491	21.02225569188131
2492	18.047798395701104
2493	31.968436906281426
2494	27.77595206419038
2495	21.136814349310164
2496	32.00609836214539
2497	25.948755399251183
2498	25.941417746275818
2499	5.732664071444591
2500	5.732664071444591
2501	29.321602601356027
2502	33.50044642751256
2503	19.701045396295992
2504	33.50044642751256
2505	6.878681167548823
2506	25.634415184054802
2507	27.566615539880548
2508	4.057244932698535
2509	28.239963983422538
2510	32.34194128136636
2511	0.02493544648217273
2512	33.73023624150961
2513	16.080103740669706
2514	33.105818171743856
2515	24.495437295056313
2516	34.524895753933656
2517	11.999373548216095
2518	7.77667884772981
2519	28.77396744190139
2520	23.662039194356147
2521	9.081818207853328
2522	17.433292957786517
2523	12.13057497141172
2524	35.61748354714183
2525	27.190678368053007
2526	27.23182798399912
2527	20.92012614718926
2528	27.914955491021693
2529	29.571059831438028
2530	29.315332981950235
2531	31.493112691896467
2532	29.512209298321753
2533	3.2451345215866043
2534	27.23182798399912
2535	27.23182798399912
2536	27.23182798399912
2537	29.571059831438028
2538	29.571059831438028
2539	29.571059831438028
2540	30.502534798036272
2541	27.914955491021693
2542	27.914955491021693
2543	29.315332981950235
2544	29.315332981950235
2545	29.315332981950235
2546	29.315332981950235
2547	29.315332981950235
2548	29.512209298321753
2549	29.512209298321753
2550	29.512209298321753
2551	29.512209298321753
2552	31.493112691896467
2553	27.035259361490915
2554	12.671110651076427
2555	10.612981889117124
2556	9.052401428515665
2557	33.73270485050763
2558	31.897830878193766
2559	39.692781511954095
2560	19.481076231578907
2561	32.501408054181304
2562	21.094889223112233
2563	0.0
2564	19.85409235816562
2565	30.488770135002422
2566	31.65340523940671
2567	20.766898145814082
2568	32.12470529808571
2569	47.78827015192724
2570	44.555356409837025
2571	39.957671239536644
2572	28.12270652649453
2573	32.66164237930035
2574	38.08665405580103
2575	35.179417599190415
2576	34.90540599456987
2577	21.91215709540955
2578	20.946669114169513
2579	27.954534946187955
2580	25.083005853998074
2581	24.42695379472968
2582	33.925258422108776
2583	28.411976441083116
2584	33.81817266564126
2585	22.681838819350094
2586	6.833947945915568
2587	14.259399451119444
2588	24.049485001074327
2589	19.93708997740305
2590	15.831622137267646
2591	16.979246859339646
2592	40.02087288003098
2593	15.831622137267646
2594	22.83565387403954
2595	15.12552357578962
2596	57.63498021758009
2597	8.237102668419281
2598	6.585060631149218
2599	31.960521904415227
2600	29.377467202639888
2601	36.28611989651785
2602	40.79608569030185
2603	15.493797257367701
2604	18.555831464030874
2605	24.4414299978199
2606	20.15389122834646
2607	38.55124377289723
2608	17.105825887322908
2609	8.883272293937116
2610	6.111761412255822
2611	26.835818125501778
2612	5.4443821727898225
2613	26.875252330120965
2614	25.336680106651546
2615	30.818253058869786
2616	31.686478444473018
2617	20.425426847044157
2618	19.97403653475575
2619	20.46949507893157
2620	22.90312918274038
2621	20.07337984695656
2622	20.191138944018714
2623	19.87848109749576
2624	23.879830779077214
2625	23.88720185093506
2626	18.465665848512117
2627	21.61889582858315
2628	31.272052652648377
2629	24.343790281280384
2630	46.83252676262687
2631	8.413312120302068
2632	16.816837054586582
2633	30.48484744324866
2634	26.16899404201095
2635	26.608942466741144
2636	19.141852831198467
2637	33.00356138047129
2638	29.9936707471586
2639	19.931328005223325
2640	8.220806362101781
2641	8.220806362101781
2642	26.065987575558747
2643	26.109709951129087
2644	24.773017725471227
2645	24.294776038842063
2646	12.188714805286212
2647	29.668757546358737
2648	16.324912363067345
2649	23.445088969790067
2650	21.139554306808982
2651	22.13862544594674
2652	27.884949313867484
2653	24.710409301999917
2654	33.232261505950646
2655	20.615884048542917
2656	6.20369589634043
2657	5.7287458537120886
2658	7.626397966945806
2659	8.353944927476661
2660	13.484777525947234
2661	31.105797593171566
2662	21.139554306808982
2663	10.929605102565287
2664	19.544654141768028
2665	26.36460036624903
2666	28.635892253063506
2667	43.53112002888736
2668	23.671404614362963
2669	23.218075222658697
2670	48.07106008644831
2671	11.659184913714292
2672	26.835818125501778
2673	18.946529892584508
2674	34.52510390938549
2675	38.42045963638818
2676	27.833120961185877
2677	5.304316072688698
2678	17.830376601549727
2679	4.985282202759891
2680	4.985282202759891
2681	31.10153502846058
2682	4.985282202759891
2683	18.277824123207886
2684	22.334703459080952
2685	36.454516170084545
2686	19.72440468069767
2687	16.927721270143298
2688	26.124678688772885
2689	35.49371175542388
2690	17.830376601549727
2691	25.3484057485984
2692	25.435078683385033
2693	35.89228536848948
2694	24.698520318661735
2695	22.89891237119125
2696	38.19553990472705
2697	5.501020121498959
2698	21.95174890164192
2699	5.4382897691037515
2700	35.3228617921598
2701	5.4382897691037515
2702	34.97492497865375
2703	17.30316418089066
2704	24.896498677968356
2705	21.5276063198739
2706	35.07413669853173
2707	35.32575468742019
2708	0.0
2709	19.55085307090557
2710	15.882855031398591
2711	35.30240363079128
2712	28.94416809594555
2713	35.00125119207197
2714	39.15774144394101
2715	6.494054497242701
2716	32.32196399629854
2717	35.60248126318528
2718	18.78555707982894
2719	15.175120381402321
2720	35.31326961521575
2721	15.616798262034958
2722	25.082248529943577
2723	27.60698208859832
2724	18.18545224601251
2725	0.0
2726	3.8044015581137414
2727	36.900058809358505
2728	10.630063141730943
2729	24.830543852039433
2730	15.676698164194052
2731	28.230848437353153
2732	21.774617583814752
2733	21.776093671126148
2734	16.53557727095491
2735	21.342546048529826
2736	33.230211475892204
2737	15.460441279745213
2738	27.60698208859832
2739	26.244008058839853
2740	30.823570900258197
2741	32.652105675837696
2742	17.095581860328213
2743	17.095581860328213
2744	33.27322893212977
2745	42.437381468830225
2746	25.88586791090509
2747	27.346940181822493
2748	15.731162825778243
2749	33.189629587610675
2750	33.70408600549933
2751	23.61738770199998
2752	21.70712672889275
2753	26.004000258648883
2754	26.004000258648883
2755	13.3602406437366
2756	24.845505234270135
2757	29.846088991206095
2758	19.36807555541611
2759	13.459764267742182
2760	22.564891166931066
2761	20.196774577038305
2762	26.059116146225506
2763	23.160801315531216
2764	30.67538273510481
2765	37.588953557149345
2766	20.164106275334788
2767	0.0
2768	21.37278886633872
2769	0.0
2770	12.76599797955297
2771	18.365628234917942
2772	29.334647341487493
2773	16.105351700228976
2774	24.83343529609674
2775	4.562134714260702
2776	26.550976473257382
2777	25.789144139379157
2778	20.541229528403594
2779	23.921628785142786
2780	24.401475677392373
2781	19.525586761923723
2782	10.330212638636402
2783	11.111969753142748
2784	28.589568132892936
2785	5.241970242409282
2786	11.035596177011227
2787	6.199017457528883
2788	21.848931259901267
2789	11.035596177011227
2790	15.413092970952144
2791	21.27165676355537
2792	21.07375193862268
2793	24.280516535110998
2794	24.875510992869454
2795	11.035596177011227
2796	11.035596177011227
2797	11.035596177011227
2798	11.035596177011227
2799	11.035596177011227
2800	11.035596177011227
2801	11.035596177011227
2802	11.035596177011227
2803	11.450929787511422
2804	15.813803126863114
2805	11.035596177011227
2806	11.035596177011227
2807	11.035596177011227
2808	11.035596177011227
2809	11.035596177011227
2810	11.035596177011227
2811	11.035596177011227
2812	11.035596177011227
2813	11.035596177011227
2814	11.035596177011227
2815	11.035596177011227
2816	31.366445699194603
2817	21.07375193862268
2818	31.444622453222614
2819	14.10074669698833
2820	13.65958357101658
2821	23.64534549209437
2822	27.868889509670506
2823	29.224161140223416
2824	15.255063641774457
2825	15.22941198643856
2826	15.631450563513953
2827	20.789465238552168
2828	18.499991428392306
2829	18.462711179893564
2830	18.72055605836484
2831	23.47566781207654
2832	53.324710478346915
2833	18.721656507429753
2834	24.97105954862436
2835	8.040608421614648
2836	0.0
2837	26.98631819706366
2838	22.255549300855975
2839	14.111986725300712
2840	27.338065464540563
2841	9.52673088648384
2842	8.27670596095027
2843	16.605911301338573
2844	23.899134627671106
2845	33.09444273179733
2846	9.5812295580177
2847	50.94721800797556
2848	29.51403408548789
2849	32.25435220390373
2850	25.741586968156145
2851	28.825869232325026
2852	34.427913813561794
2853	18.291735631689427
2854	25.48708663541053
2855	30.401404082763367
2856	30.520072558659813
2857	14.571121689032944
2858	38.75659387961244
2859	21.147747276311815
2860	17.93967938235994
2861	25.474541241186323
2862	20.817595347943712
2863	2.965700779926787
2864	38.502882628901546
2865	24.806750910841522
2866	31.645697120257616
2867	30.57181451439058
2868	34.225921954965486
2869	31.067259187750498
2870	31.40177766202386
2871	34.5647206746312
2872	24.550529119465224
2873	24.679604845242135
2874	4.42036714259464
2875	5.280623989785529
2876	4.359698375866383
2877	27.8016104846379
2878	22.974345304377678
2879	15.47680552667287
2880	19.67976738175641
2881	28.827403553900453
2882	17.90016994632339
2883	18.047798395701104
2884	5.49497651964972
2885	5.49497651964972
2886	23.46715899628285
2887	23.46715899628285
2888	31.330301535936258
2889	32.449588405766185
2890	21.358664993283135
2891	23.84546558771363
2892	21.007894707283675
2893	22.526889545003563
2894	25.11499513298558
2895	24.902722174120708
2896	23.54887717540561
2897	23.9293621288895
2898	22.192107970907955
2899	25.01905490027004
2900	25.414449608076634
2901	26.396113370390633
2902	22.09834661943899
2903	19.204200892283755
2904	29.49210202214015
2905	10.432517421013774
2906	19.330934706167696
2907	19.091587590551402
2908	24.49867983205396
2909	19.062020361681988
2910	5.999490803504894
2911	19.573066218992075
2912	14.01572163196699
2913	27.973266098080934
2914	21.56829921425895
2915	21.804800376679076
2916	14.079035727610503
2917	25.253586757637493
2918	27.80561465521561
2919	28.055518769155693
2920	26.52236256015361
2921	34.300519812823346
2922	23.502452719439
2923	21.368560908534107
2924	20.267162095128814
2925	7.944370419928117
2926	13.90877520346224
2927	13.92864008914591
2928	20.39785738679385
2929	20.149929419955857
2930	20.276617104300296
2931	19.76196989906757
2932	23.991689625182403
2933	19.85177211951742
2934	8.676103680717928
2935	18.707561544590025
2936	22.931914265700424
2937	52.755999905747835
2938	26.819026689666238
2939	23.24897557823434
2940	37.065161037038266
2941	36.34983869717085
2942	26.637872273796088
2943	15.826158303818719
2944	17.129799675270146
2945	23.522483068389477
2946	18.707561544590025
2947	19.955080164742785
2948	19.955080164742785
2949	19.312938943416132
2950	19.852941345297122
2951	20.315349300494816
2952	19.67674558786944
2953	19.80201553462145
2954	19.905354925167067
2955	19.516248348106686
2956	20.095441740844446
2957	19.428766281902853
2958	19.913507926418774
2959	19.70420033040052
2960	20.095441740844446
2961	15.821698223251769
2962	20.776312567462988
2963	19.74185965476173
2964	19.913507926418774
2965	19.674031367321685
2966	16.20619270724443
2967	19.715960237354594
2968	20.749911970384975
2969	20.6383211592994
2970	19.67674558786944
2971	19.74185965476173
2972	19.70420033040052
2973	19.636522385036514
2974	19.516248348106686
2975	19.428766281902853
2976	16.201510733514656
2977	19.715960237354594
2978	25.16099309799709
2979	24.351329060766233
2980	19.459299120988604
2981	26.556749258750543
2982	21.804800376679076
2983	48.16900538372233
2984	17.91828974676523
2985	19.842573814746494
2986	17.333616994354404
2987	20.817069813255937
2988	17.308189983949706
2989	5.468891384980942
2990	29.226831071057646
2991	21.074654094896715
2992	25.860089404851742
2993	24.399921931414564
2994	23.476126161485944
2995	28.090867338638823
2996	5.968268452673986
2997	32.33906874592016
2998	10.949459672181291
2999	31.022019537434605
3000	34.86986395972199
3001	21.670781593053796
3002	23.19083572828463
3003	31.410384066049197
3004	24.89326389094688
3005	3.705237644657732
3006	27.44868597007776
3007	26.69462485661742
3008	24.966018028983704
3009	12.630375593230367
3010	3.705237644657732
3011	27.990047132746135
3012	28.181837101343454
3013	8.348456579756151
3014	30.698491065763005
3015	27.011191952331085
3016	26.552681858168377
3017	28.106890452320226
3018	25.29982292024896
3019	18.334945345188988
3020	25.88518035065366
3021	28.181837101343454
3022	18.831159858199538
3023	20.95943978660994
3024	27.30272981345439
3025	3.842841233305144
3026	28.47670318606326
3027	27.579568499213696
3028	28.59278682070998
3029	14.109002925692348
3030	30.550081239306103
3031	32.0490814541711
3032	30.788261568221614
3033	31.109151732086648
3034	31.209901064939803
3035	29.39665983783389
3036	31.067505762518874
3037	26.69039802914768
3038	28.436430231820385
3039	33.49749774586976
3040	23.95338937799959
3041	7.11619899140615
3042	19.955840488833942
3043	3.705237644657732
3044	25.66395246121545
3045	28.22557382137199
3046	23.52629736808101
3047	6.104925353164437
3048	5.460991174170081
3049	16.835648395875385
3050	24.760307171274853
3051	16.039894116467856
3052	25.69054457243964
3053	15.954645313914677
3054	16.36408171026992
3055	15.766450956986088
3056	9.379170212316236
3057	15.855251669296253
3058	15.485856253405728
3059	15.58564964671161
3060	16.364199439738947
3061	25.539847801041354
3062	15.957628734832792
3063	20.53463270291797
3064	15.70721559584316
3065	15.632965617162258
3066	25.53508446063442
3067	27.203524106415113
3068	16.488060155320635
3069	40.54059257677167
3070	31.386365838749
3071	24.633225838679543
3072	22.41680837279125
3073	25.93386544758625
3074	25.021936027877683
3075	20.434800970338244
3076	19.713742377277043
3077	19.626721777635762
3078	21.034915583145008
3079	26.557473871746726
3080	15.85622589832846
3081	25.701393721430687
3082	25.382497601107364
3083	5.361110888078848
3084	24.3809508511695
3085	27.640708671720287
3086	26.483133414351393
3087	25.60543049330309
3088	24.36069429010453
3089	26.641532556738877
3090	31.579994022531753
3091	30.39571720019147
3092	23.32198274478693
3093	21.058868016912545
3094	19.066748292703252
3095	20.08533760132993
3096	26.45845788542463
3097	28.721947954001802
3098	6.330573164752137
3099	20.529434226800458
3100	21.459995876406072
3101	20.913215341373636
3102	16.80600007262799
3103	19.363094566740084
3104	19.543547390837542
3105	18.45430992927275
3106	19.82803393850653
3107	18.27428600706323
3108	20.54527465249202
3109	29.077385949962075
3110	22.02235081203265
3111	17.96796938049494
3112	20.669145097471386
3113	9.420936928353466
3114	30.317294443583393
3115	37.88605581159899
3116	22.47689286116466
3117	22.588708676349224
3118	21.16966388657167
3119	20.50439259308431
3120	20.96470045683486
3121	27.41796465067675
3122	21.001861793858644
3123	20.880981587430647
3124	12.182622374168002
3125	24.255795019504415
3126	21.520875047018503
3127	23.978679285168067
3128	33.71886572532914
3129	23.534538722155375
3130	22.597721428792983
3131	29.377589027760575
3132	8.288721234571257
3133	22.978180512590296
3134	20.7208603536884
3135	20.65151610903851
3136	33.22543559471633
3137	32.4932798017324
3138	21.531211938392307
3139	22.360398776748756
3140	33.136936791594955
3141	20.823664625866805
3142	20.554665072168042
3143	27.2945015362521
3144	24.99923518927076
3145	29.470422317740656
3146	31.184062360568895
3147	40.513328139402155
3148	29.470422317740656
3149	18.863851664945912
3150	21.445945755792565
3151	19.418082183462946
3152	21.74809230974743
3153	22.852294410065944
3154	24.874987418845368
3155	20.763265446599423
3156	7.218458341365732
3157	34.20752429319871
3158	17.42982100427111
3159	22.673998468247408
3160	15.941656837703217
3161	25.42331976468833
3162	13.516842526054857
3163	9.221327533023533
3164	18.715975813804594
3165	38.56255780249288
3166	13.870755128975091
3167	31.627566609929087
3168	25.84764200937698
3169	41.73524425668396
3170	23.621093714791066
3171	23.91223428806276
3172	21.66474424377429
3173	24.05000571121145
3174	18.60906294590195
3175	15.541770855079923
3176	36.27611045950127
3177	23.390758656435473
3178	39.491306433743745
3179	31.840092808136507
3180	26.53582482600168
3181	32.574940488297074
3182	33.7416493324093
3183	31.804877201995037
3184	31.114568886471012
3185	17.436022860860394
3186	31.812952646366874
3187	21.839299922914343
3188	32.6596998257856
3189	15.504180322254884
3190	29.60171210835039
3191	20.32109189346164
3192	20.32109189346164
3193	24.278336533805675
3194	25.053955587793055
3195	24.845665180390014
3196	3.724147506485036
3197	32.61198878900469
3198	21.39242888140773
3199	21.63732779287827
3200	18.49690298481101
3201	13.52844180465226
3202	21.60957979869618
3203	21.23814634877909
3204	23.34361859142696
3205	19.955840488833942
3206	44.627640061369505
3207	26.68003461279012
3208	3.360632886900078
3209	13.482639340919581
3210	18.8236392499197
3211	25.37123196026693
3212	27.155703000244927
3213	19.45768083570798
3214	27.65378901584257
3215	25.948786393860342
3216	28.692664584821607
3217	41.19829815021492
3218	29.14071448703429
3219	28.920535760481034
3220	4.048850307997029
3221	26.580418154607273
3222	26.62656336805917
3223	26.580418154607273
3224	26.580418154607273
3225	20.84744403789297
3226	26.09165386195458
3227	12.584833689207743
3228	26.580418154607273
3229	26.580418154607273
3230	3.2873783375071963
3231	17.83653573719172
3232	20.63624305977688
3233	20.46754768169861
3234	23.395699034781426
3235	25.89020417759448
3236	26.580418154607273
3237	26.580418154607273
3238	26.580418154607273
3239	20.30616196477823
3240	10.505768973339624
3241	26.580418154607273
3242	20.068125830072255
3243	19.839903873233006
3244	20.62815798231562
3245	20.3817277237319
3246	20.3817277237319
3247	15.77247148875059
3248	20.30616196477823
3249	20.522226317157255
3250	20.281654378744996
3251	20.63624305977688
3252	36.87584182386627
3253	20.62815798231562
3254	7.4250919258748995
3255	15.035614666178134
3256	27.636149440328737
3257	8.392035374753874
3258	31.043177792184284
3259	24.63118474264204
3260	25.611920780399135
3261	25.528543342082138
3262	31.29092923066337
3263	28.106430493968062
3264	21.08735213586676
3265	23.092765987513296
3266	26.088474216746874
3267	29.25590727576007
3268	35.55394842766786
3269	18.30057846783415
3270	18.19703657047047
3271	29.849071347878436
3272	34.743573344268704
3273	42.09346151475958
3274	43.65835744976157
3275	43.86277808587932
3276	25.224627990230815
3277	29.60516612417743
3278	23.67187452203042
3279	28.89569976429867
3280	0.0
3281	22.852788093819832
3282	29.87103448531232
3283	34.25593538904858
3284	33.24178388221852
3285	21.38716341491271
3286	31.295464338949074
3287	5.0776568030481135
3288	24.589120158444477
3289	23.07452377631963
3290	27.47834524763309
3291	20.6718828078795
3292	46.09862598279184
3293	29.167111589827556
3294	23.077365434457732
3295	13.806180677383212
3296	8.49994459911141
3297	31.15080016654018
3298	21.612040448942647
3299	33.9457126996807
3300	16.78903414855732
3301	16.010589185836643
3302	27.68708095369872
3303	32.420850019273566
3304	14.764887731674783
3305	29.104492884099887
3306	27.804834239891832
3307	31.13057511335924
3308	7.615981024674044
3309	20.044246603226835
3310	5.028353143193485
3311	25.54137325997187
3312	23.40444130906452
3313	29.749184062429887
3314	5.495285696065576
3315	12.34537286512123
3316	12.11868030917937
3317	15.204736824032713
3318	30.90163077445066
3319	12.42240993187049
3320	12.151900112467533
3321	29.12482526755373
3322	34.17535204857687
3323	30.213312765208723
3324	23.316483316081467
3325	21.01703320874987
3326	15.777938454609016
3327	35.59035186242925
3328	9.057998628864814
3329	27.70198190065938
3330	32.75824570300962
3331	32.58660744654297
3332	26.840442447806723
3333	33.209501652872156
3334	25.132045060767783
3335	25.18566719078963
3336	25.132045060767783
3337	30.660932223694992
3338	24.515758046867028
3339	23.39223469521836
3340	33.76525954874901
3341	25.586978824220132
3342	26.579812999928105
3343	16.77561481115915
3344	16.768942288906782
3345	27.383158594312984
3346	25.851707380068188
3347	27.87715704914641
3348	10.322872233619268
3349	18.819184353987676
3350	24.94459382098594
3351	25.64162089414963
3352	32.622817919211286
3353	24.01931389829605
3354	26.840442447806723
3355	24.113190153434296
3356	38.036965280601656
3357	26.840442447806723
3358	7.458610275897611
3359	18.97605657505229
3360	25.735823038627178
3361	18.819184353987676
3362	0.0
3363	23.18261004268938
3364	22.271622537324866
3365	22.065879299105575
3366	28.571732071319595
3367	19.728666621468864
3368	27.251212531209706
3369	26.47882403347507
3370	31.24691842059509
3371	26.847008365644324
3372	29.665644512582443
3373	26.50570192926302
3374	29.928945015654467
3375	19.622878819468646
3376	25.706613518265932
3377	27.475861132045736
3378	29.75977763980418
3379	2.842214062766212
3380	24.80481014448624
3381	15.563989294870142
3382	26.7767563678745
3383	18.299394612165667
3384	18.788782693345464
3385	9.866396052295554
3386	27.946817762142732
3387	52.29489289497999
3388	24.793706474445266
3389	26.60815556009017
3390	4.149563195347076
3391	4.79534615753308
3392	26.33244536087366
3393	4.21199404618238
3394	3.66189717452567
3395	27.126278630656977
3396	5.176685062289861
3397	15.551431633431042
3398	15.476509160043733
3399	27.36857170450349
3400	15.476509160043733
3401	33.82765996591067
3402	26.769524163833793
3403	29.715953289364258
3404	5.832374972398823
3405	18.456929785595552
3406	29.361669189506635
3407	5.25248009521933
3408	5.428078644243305
3409	3.932426850912455
3410	3.411923779531093
3411	31.084964173620353
3412	6.711618712477369
3413	21.08534090147686
3414	2.842214062766212
3415	25.614531420532686
3416	20.57651731586288
3417	26.73954286360674
3418	28.07473811885483
3419	24.8103100339892
3420	16.1919114744016
3421	16.1919114744016
3422	16.285076483556548
3423	22.6111450809661
3424	21.911224323673096
3425	24.649572701493334
3426	9.009725354340093
3427	31.880681010191743
3428	26.48490819366315
3429	18.493668580782064
3430	31.75858329045397
3431	19.947140780260288
3432	23.7464305185072
3433	26.029097616510523
3434	15.716248494616577
3435	7.458610275897611
3436	7.458610275897611
3437	18.568463052627273
3438	25.027506794914103
3439	12.119370122831176
3440	30.855179680065927
3441	18.541102067185072
3442	20.2880770150239
3443	29.571499968376116
3444	29.423436329576777
3445	17.325937912778116
3446	41.75040179143675
3447	28.644122421558873
3448	20.846152833766716
3449	15.473767897590413
3450	20.838397946409213
3451	24.497043520030843
3452	20.016858373187084
3453	32.95899329143515
3454	32.95899329143515
3455	35.854411976784306
3456	27.37274291612872
3457	29.00606876868641
3458	30.438459100681367
3459	27.577346212932223
3460	37.85503255655339
3461	30.958617472807067
3462	12.507038040111352
3463	12.085722368449307
3464	29.43868514372385
3465	34.89220711866196
3466	20.37322145362825
3467	19.31893099688835
3468	21.652999350455573
3469	33.76368298659618
3470	25.285783498626902
3471	21.53925864836097
3472	9.487951565994509
3473	33.21374929574789
3474	16.184983834194277
3475	21.106886904042987
3476	24.18688835104577
3477	24.729644079523332
3478	24.211855671896515
3479	24.983366544443054
3480	20.161630898845974
3481	24.860500797506422
3482	23.68406948888491
3483	20.45843911900276
3484	24.253475695436812
3485	24.613941042903726
3486	24.45351027542517
3487	24.432877114708678
3488	24.929757218937297
3489	24.376208816928756
3490	23.731341761327883
3491	24.208968011256083
3492	24.76871125037758
3493	24.569761583147812
3494	20.926288921484257
3495	25.247373171148734
