1	7.43743290963788
2	4.5805935294357765
3	4.5805935294357765
4	4.566189733448904
5	8.070125744284011
6	8.070125744284011
7	6.585974405017976
8	6.585974405017976
9	10.58091532664527
10	10.58091532664527
11	11.14299566264496
12	11.14299566264496
13	2.080696646498154
14	2.080696646498154
15	1.3263244085321697
16	1.3263244085321697
17	0.0
18	0.0
19	6.848442259594353
20	6.848442259594353
21	4.337669181480648
22	4.307029188144827
23	8.461832816445392
24	8.461832192239845
25	2.541694356043175
26	2.541694356043175
27	10.936181615934935
28	10.936181615934935
29	9.721874891098482
30	9.721874891098482
31	8.476747828461146
32	8.476747144972046
33	9.729182903426318
34	9.729182903426318
35	10.93337511199459
36	10.931627255025392
37	2.622776694552994
38	2.622776694552994
39	1.617324202330485
40	1.617324202330485
41	0.0
42	0.0
43	10.247336708273062
44	10.247336708273062
45	9.631623569864953
46	9.631252062259103
47	8.502320186310563
48	8.479740030611046
49	7.195176800011729
50	7.175513091678919
51	6.92868118049894
52	6.913650767653348
53	9.51071982308014
54	9.51071982308014
55	11.449930084196692
56	11.448651151849614
57	7.970885063258611
58	7.970885063258611
59	3.157528164761977
60	3.157528164761977
61	8.772986879813553
62	8.772866271850248
63	2.186053557325345
64	10.2961642465379
65	4.001225205370365
66	1.8642727376539763
67	5.572164469767306
68	8.846392668558302
69	8.967925871747093
70	9.1591867941375
71	9.538336711488023
72	7.433508534343681
73	4.504298270882659
74	9.631867060525018
75	10.247242056340342
76	7.718601773486868
77	6.527482770435294
78	8.49998517613545
79	11.160157143924575
80	7.898276417641498
81	8.144880646626813
82	7.93596767436914
83	9.004634467827914
84	4.182712569158186
85	5.792690616105705
86	5.470609291993516
87	9.969745726196747
88	3.372034591596492
89	6.741873268595445
90	10.291500132558339
91	5.644563201866132
92	2.622776694552994
93	9.684461413512299
94	8.177852573291485
95	7.595707693610199
96	7.580233425358069
97	7.947050963733037
98	0.0
99	10.335368052523622
100	7.968882164661697
101	8.04038304189774
102	7.609023064131643
103	7.704062261972243
104	8.171559751099542
105	7.8629821070729635
106	8.45794286446512
107	7.574915586266408
108	0.0
109	2.622776694552994
110	7.622411155295559
111	8.42768700424503
112	6.585503263277165
113	9.759692170166632
114	5.405677390420152
115	8.19735202188383
116	8.862209679954635
117	8.890968044120106
118	7.366476506595718
119	9.589409162660655
120	2.620506682081936
121	7.879669458363426
122	1.753026417593557
123	7.561315469357964
124	8.671724094172355
125	9.684053281210808
126	9.714045681282338
127	6.889934082897819
128	6.633478088646551
129	9.195670993980078
130	9.966999333261437
131	6.769665432785646
132	6.039843290745403
133	6.700436578995952
134	8.467124837987793
135	6.8697027374299084
136	10.314521367667728
137	0.9424342541578425
138	6.958076823618204
139	7.347851783719506
140	5.9532205953895625
141	8.730887213460933
142	8.751410182783719
143	9.7031486740231
144	5.9532205953895625
145	1.7393237843735412
146	7.019715326743824
147	9.462945785093565
148	5.99792788099982
149	3.372034591596492
150	6.0061905550468415
151	7.344676769949159
152	6.629272521144318
153	2.687201826291438
154	7.919596278452549
155	4.96407919257973
156	2.1728093562712316
157	3.250315032114893
158	9.622797678011903
159	7.870215748993715
160	2.169054723798208
161	7.450871977591686
162	7.172243137626314
163	8.9791252007783
164	7.04568000995241
165	7.6503999625815675
166	9.85367044534184
167	8.80791571543675
168	8.618363989199503
169	2.4512595460255873
170	6.5601605684153945
171	2.537294684582148
172	4.931786381152206
173	3.5122196818903864
174	10.947014530961098
175	5.889434268342535
176	9.05401867401783
177	5.362974242363773
178	6.221667784565595
179	7.627982642897293
180	10.049540830849182
181	10.120448503016975
182	0.0
183	9.448853981758464
184	9.490315773805543
185	7.7914080626792765
186	7.048541780172757
187	10.29439426561631
188	6.550679652280856
189	5.797070113265718
190	8.04754493415973
191	4.088694544211383
192	5.81222095357071
193	7.800991066462983
194	3.6993799545938826
195	6.105461525584691
196	3.946254015314524
197	3.176461402221123
198	3.877586367861168
199	6.406699013563152
200	7.661872240540998
201	6.174372667926671
202	6.174372667926671
203	6.174372667926671
204	6.174372667926671
205	6.174372667926671
206	6.531760483099585
207	10.124839921017315
208	7.365319111079517
209	6.153681633941893
210	7.898486675733845
211	7.811942600957354
212	6.6856051528648655
213	4.117415681299581
214	7.32618724291352
215	4.931786381152206
216	8.538680605763442
217	5.660862744699456
218	7.484889432276589
219	7.236516859818482
220	6.315039081978358
221	6.936379983771875
222	3.932949066778433
223	1.4841760786634466
224	7.958506054961309
225	5.6124302099131596
226	6.587684122667692
227	6.00134725478283
228	7.499434173984686
229	8.355868574628689
230	5.001359211858669
231	6.390750035896606
232	2.099920717383927
233	5.273222129553868
234	2.8493942357567534
235	5.673992915911777
236	10.70504213866718
237	7.138172191364979
238	5.107708739569341
239	5.499766077841516
240	6.6281573253919035
241	10.75291108047292
242	10.880691868573463
243	6.921460252569687
244	8.971380563772618
245	8.578686946000746
246	7.531710218058727
247	9.433596446530425
248	2.089779470040395
249	8.906645740736503
250	6.399325786859085
251	5.498524063519136
252	3.1939905865945457
253	4.966401010697512
254	9.262531894882663
255	7.177745712148517
256	6.620589555118941
257	8.362431415625005
258	5.893706963537051
259	2.087956567014721
260	1.8724250450684927
261	7.922198109402855
262	10.515593812600075
263	9.702203134602144
264	10.518351678173383
265	7.428591780106465
266	8.162733088122506
267	9.200074928389466
268	2.281271999004436
269	7.50729796854529
270	4.598320342502138
271	4.0042454330281485
272	6.694428698537655
273	7.423430497448194
274	9.06731230435901
275	9.304429871829447
276	5.3482179514846
277	3.4474044463998914
278	6.987104929930132
279	3.192871542941879
280	7.25223659280601
281	8.963750656828827
282	4.598320342502138
283	6.130035115913595
284	6.56474371917282
285	10.418053238170696
286	8.438731953685663
287	3.57000327092798
288	10.412206437968566
289	6.507411014675091
290	2.366188673711975
291	4.179235011516383
292	3.8581535588145086
293	1.6244090171512577
294	1.7484349468543634
295	1.4841760786634466
296	5.352368999384965
297	7.189286487220804
298	6.065161538543314
299	11.178588285888539
300	5.355419188523157
301	4.323540521910402
302	9.315615226568136
303	7.48931606732681
304	7.592719185586871
305	8.56529856256715
306	6.065161538543314
307	4.858384119613334
308	5.866404074554698
309	8.070408702231477
310	6.495747982661773
311	7.5734384854561325
312	5.22238050886244
313	6.315039081978358
314	4.984771525873755
315	9.027536693120274
316	5.609327186965415
317	6.315039081978358
318	9.815345875573914
319	5.481446294484368
320	10.324017230177201
321	9.623271935954591
322	7.079796347601104
323	9.124679299171099
324	10.079540015065831
325	8.233179128918959
326	6.600978544735215
327	6.619420900478431
328	3.637417443563705
329	6.138063366028808
330	8.11028612567619
331	9.331640406991866
332	9.168266385583355
333	6.978965819742075
334	8.572866592972268
335	6.978965819742075
336	7.4464597013518254
337	6.6281573253919035
338	6.832729823218907
339	7.390498208464254
340	5.370618733553387
341	11.146128422975535
342	5.2102301666211215
343	5.051748825888901
344	10.170520586439544
345	11.28106985370478
346	4.5895619757554025
347	3.9395903075718675
348	3.7745097020936553
349	3.9943453855507607
350	11.152145645840992
351	6.61668115027329
352	7.014695458677066
353	3.536246016288338
354	7.666266185812851
355	2.9171913967602108
356	4.6044238627489245
357	5.266361969641359
358	6.022026457827476
359	10.145411324667498
360	6.941679363385838
361	5.528723467447142
362	7.873320373710619
363	5.477324527472019
364	5.950800481698419
365	8.754051739870432
366	5.688910632584759
367	5.492005114934953
368	6.7833088388692495
369	5.643379541925863
370	7.89335213405779
371	7.663829748133665
372	8.281574048573336
373	10.54344815367194
374	7.962258589697758
375	6.232555054634911
376	6.51328854336439
377	5.459283330942627
378	6.196120549865229
379	10.726305970075055
380	5.644310390817742
381	0.0
382	5.585429807244506
383	5.479556933423872
384	5.842239927423975
385	5.554093405726286
386	5.451122616968997
387	5.487941183128861
388	8.447674549319876
389	6.269165807428817
390	5.663984813438579
391	5.567248237568841
392	5.541051509017366
393	5.475490175775136
394	6.0571715501972
395	5.528723467447142
396	5.52030332870135
397	5.528723467447142
398	5.459283330942627
399	7.776246578368804
400	5.552487182453524
401	1.982538879836177
402	5.274881744136976
403	6.852893361577425
404	5.473730737490049
405	6.051755281229788
406	7.671930232129279
407	7.29504078978277
408	6.305378040666955
409	7.594284768883709
410	6.569818229647267
411	0.0
412	0.0
413	0.0
414	7.139294503852306
415	6.429432448194983
416	6.702758706131558
417	6.037686511949228
418	5.926932831758203
419	8.968772316360997
420	6.091265448914027
421	6.507174830665509
422	6.935940858925259
423	11.0428009054421
424	10.231492509464239
425	7.163305975120383
426	6.173222698219787
427	7.540564954438212
428	1.6244090171512577
429	6.397369921047096
430	6.334206220994441
431	6.007826903692538
432	6.701814349503559
433	2.0877142388674894
434	6.913241207224871
435	5.69097446589579
436	6.674584241753362
437	10.62537230340484
438	4.958154727442344
439	5.259350045344045
440	6.803787178116883
441	7.676209837256377
442	8.68218830621644
443	9.653414389188427
444	6.888012362380229
445	5.913296608192697
446	4.352336066000679
447	2.080696646498154
448	7.475110806101232
449	10.999080889898872
450	5.603949954050992
451	7.17049580182696
452	1.8724250450684927
453	2.189867322080014
454	3.522590100013811
455	3.5729822409271557
456	3.6223353416194652
457	3.670693831668864
458	3.5729822409271557
459	9.126118446984227
460	4.9521559113158755
461	6.13366777957658
462	6.2851179797762775
463	5.234139232376326
464	5.056492062637458
465	5.737531553786611
466	7.714810704794927
467	1.7484349468543634
468	9.331287027377122
469	6.340221912499987
470	6.643870135651825
471	5.115576424894317
472	10.284797319356302
473	10.005419898951397
474	3.1901247549537857
475	6.572851455750402
476	5.1821829667387815
477	5.090090386156467
478	6.083720587939069
479	5.198402031601315
480	5.661385495655949
481	1.1496378471005915
482	1.4841760786634466
483	1.753026417593557
484	5.234139232376326
485	1.6244090171512577
486	1.6244090171512577
487	1.6244090171512577
488	4.344496062980079
489	7.348512794765928
490	0.9394992031427292
491	5.717639242524144
492	5.745397131293861
493	5.944192474691401
494	6.652050761006158
495	4.967041768078436
496	7.371746817290066
497	7.4785513345001755
498	7.844831895278954
499	4.992659509193419
500	6.166525814238089
501	2.9943926196041746
502	6.059002909722458
503	7.5889760472163434
504	7.411811235187534
505	8.418776781904281
506	7.638717517175677
507	3.6305424867396447
508	10.115813002924146
509	6.167498199963286
510	6.789620498558775
511	6.245753763242767
512	6.660001826302693
513	9.761811830758642
514	5.3051331588090225
515	2.9186503136252315
516	5.3467528771490125
517	8.236771279601955
518	8.236771279601955
519	4.778376232625208
520	7.630722524206591
521	0.0
522	6.98737171052397
523	7.132174618443554
524	2.4380733107076793
525	7.706326186844946
526	9.116881443472954
527	4.808718946590325
528	7.394818886445278
529	2.0825068894327203
530	9.663181290908643
531	7.514777276405062
532	6.699041086570545
533	2.698820632238031
534	4.790288403315937
535	7.202080158885305
536	7.332064844507563
537	1.8724250450684927
538	0.9411512123633232
539	6.464782424896883
540	7.154826410224862
541	5.935560172984492
542	6.699862240316348
543	7.0957630040823485
544	5.168611490953513
545	4.4152657227712115
546	7.825091446608645
547	2.984682672998079
548	7.846291254759491
549	6.234649488512538
550	1.6244090171512577
551	1.429889437916654
552	2.066327217937772
553	6.895368851728372
554	3.4251025412532403
555	2.5483225467202923
556	3.4251025412532403
557	7.449893408972017
558	1.4789884742234594
559	6.565966966893919
560	7.462240746130509
561	1.4841760786634466
562	5.7243419966182945
563	3.7776938624537095
564	8.455993072588303
565	3.8906929427537755
566	6.689937136489344
567	5.478798394007178
568	6.2308340632420185
569	4.955285536176843
570	6.123196253231369
571	8.083251346832421
572	6.951805178294262
573	6.760963190352895
574	5.825523529899291
575	2.376490766989167
576	1.6244090171512577
577	6.648615154400703
578	6.981760786683214
579	7.375106260529472
580	5.5335959856903045
581	9.968441279206756
582	9.968441279206756
583	7.797655092695458
584	9.968441279206756
585	9.968441279206756
586	6.50281982353911
587	1.753026417593557
588	9.968441279206756
589	9.968441279206756
590	9.968441279206756
591	1.9790831789160517
592	1.8724250450684927
593	9.968441279206756
594	9.968441279206756
595	2.087956567014721
596	7.571236823133425
597	7.699395378055959
598	8.521441087006762
599	6.527217517745339
600	6.565643882695104
601	8.284283170868026
602	8.284283170868026
603	5.435679379806836
604	7.634227848076939
605	7.09540240526898
606	3.846521667141336
607	7.968694248427726
608	7.709819458724222
609	7.869196070647033
610	9.97944213197534
611	7.954325250085312
612	5.536799165861559
613	7.382918515379796
614	9.968441279206756
615	7.030547895260728
616	9.968441279206756
617	8.33117098199824
618	9.968441279206756
619	8.817898036221232
620	9.623526670892206
621	7.857034117605574
622	5.3676174252068485
623	8.07157681277116
624	6.689937136489344
625	2.5483225467202923
626	7.117002122654885
627	0.0
628	6.694815931156694
629	8.056066810881026
630	10.752545741964337
631	6.58126670088996
632	2.5285408789824713
633	8.944567787683084
634	7.242773510719807
635	5.196716026513535
636	6.582630158940897
637	6.136497878386471
638	7.117002122654885
639	7.036646028745381
640	7.684178558440234
641	0.9411512123633232
642	7.855618623662676
643	5.868042198272595
644	5.868042198272595
645	7.170568377609044
646	6.886378339119497
647	9.161087418719259
648	2.184151652012337
649	3.0701327646925796
650	7.402944188629551
651	6.92883904151117
652	6.151488090672295
653	0.0
654	7.790363229035851
655	5.828900806774076
656	2.459775285219159
657	4.846700484526274
658	6.377101033062578
659	9.076866225240119
660	7.66548439659944
661	7.605741270069693
662	5.351073029439235
663	7.597377624657397
664	0.9411512123633232
665	1.4841760786634466
666	7.795163582854304
667	6.319962652592968
668	5.964471728012408
669	0.0
670	5.35003221499846
671	6.0539133727838434
672	7.528274779404377
673	5.878840252046497
674	9.6399549262631
675	5.759070000894385
676	3.6062653970374616
677	9.548658852567975
678	5.316203018509277
679	6.4437879390430295
680	10.166840974481639
681	8.22312541536251
682	7.358200840661791
683	7.158370306603673
684	7.229786555578254
685	7.942854813956844
686	6.789478692728342
687	7.30837794079024
688	7.4762732754161565
689	2.858104640757536
690	2.4576408082531747
691	1.1506468307255422
692	0.9411512123633232
693	6.24532681009222
694	8.08753325408659
695	6.11016853398841
696	3.8232350320666324
697	5.386506787456035
698	7.709823231806738
699	6.199627062584492
700	1.1516575869821717
701	7.843654994956155
702	7.551394738583005
703	6.692112568356959
704	2.376490766989167
705	8.702660982960907
706	7.290071307135903
707	7.78864691949014
708	3.533232346331917
709	7.182800485861961
710	7.358200840661791
711	8.144886580575893
712	6.319962652592968
713	8.640378724950853
714	7.6703048362188655
715	6.342859943920897
716	6.768997564034845
717	9.009334110860948
718	0.0
719	4.982011058821605
720	1.7469097967605338
721	5.202989631218145
722	3.7953450432958666
723	3.5483522823017535
724	6.398976247243748
725	9.3225002366073
726	8.08753325408659
727	0.03562088145545969
728	2.1746915511802127
729	7.942854813956844
730	4.655957354923727
731	7.069838343300705
732	8.08753325408659
733	7.667636160925815
734	4.773771914497472
735	4.234388142547573
736	4.842925599412574
737	2.701156460715175
738	5.484581709550284
739	2.546109312076887
740	7.161629582990246
741	6.168843310383736
742	6.088819321630784
743	5.514062361245818
744	2.546109312076887
745	2.546109312076887
746	7.348591753063014
747	2.546109312076887
748	2.546109312076887
749	2.546109312076887
750	6.224577966367846
751	2.627328538353592
752	2.546109312076887
753	7.163826076047629
754	2.546109312076887
755	7.337175104984578
756	2.627328538353592
757	4.770950844217431
758	6.039719727461507
759	2.4512595460255873
760	4.767359347632111
761	2.087956567014721
762	6.671461702425455
763	5.555834264680886
764	8.016795406865464
765	4.770950844217431
766	2.4512595460255873
767	5.100795433718937
768	1.751493250265264
769	4.992981692391326
770	6.612757900652977
771	8.440696891229237
772	3.683709952738565
773	6.000802099471024
774	7.316468876791699
775	7.312585802978454
776	7.049637468920017
777	6.909850545861395
778	4.933742647200128
779	7.18683311403235
780	4.767359347632111
781	7.627093536022763
782	2.1879587777894494
783	1.9842712597814103
784	7.229777154891701
785	6.518662259968175
786	2.186053557325345
787	6.681943523738714
788	8.905067099384025
789	2.1879587777894494
790	6.961408719753188
791	5.093527658768953
792	3.818396118080425
793	3.043414184157332
794	7.778813463838468
795	7.866131467506833
796	5.8227044282363485
797	7.211587477849956
798	7.857355072626448
799	7.066630669953366
800	5.792473607412927
801	7.036710819852044
802	6.717619570453452
803	7.544263160451597
804	7.822999559048527
805	8.529535769596363
806	7.629989380901509
807	7.7017996972281555
808	5.011144716085309
809	7.805312923581749
810	0.0
811	4.418494255104829
812	7.960488813206657
813	5.0256457494495335
814	3.261519133266696
815	5.126843823419405
816	7.1316668342883585
817	7.684178558440234
818	2.087956567014721
819	5.247745428771952
820	2.169054723798208
821	4.055631179200498
822	0.0
823	5.230469382904997
824	4.112982405682115
825	0.0
826	6.199933681973412
827	5.145658976689687
828	6.1282938216351805
829	0.0
830	5.991494780629996
831	5.11568300160628
832	5.298863594721436
833	5.727330046867483
834	7.775215129117253
835	7.782903164514342
836	7.532257463181502
837	1.8691555811975233
838	7.394807334289977
839	6.548107124901791
840	3.3884675665359976
841	5.229259852529083
842	5.234139232376326
843	6.774703891033148
844	7.601000409518471
845	7.891469339867987
846	7.0770653088579065
847	7.718360564075226
848	7.204990763923006
849	7.100940742112725
850	7.7170485342798685
851	3.9472113840460064
852	7.71865830597216
853	7.854709037480115
854	7.059567200495181
855	6.116874946602001
856	6.232205576234849
857	6.232205576234849
858	6.232205576234849
859	6.232205576234849
860	6.232205576234849
861	7.180473430790285
862	6.975709744476253
863	6.509390005790912
864	1.6244090171512577
865	3.633623390227756
866	3.3392335991919504
867	7.684178558440234
868	6.732688667140126
869	7.978642761482191
870	8.055024112467338
871	8.263048408670928
872	5.328998738100779
873	3.413426737501246
874	8.329579267242373
875	7.800807956635015
876	6.568560092292501
877	5.598149288699309
878	7.099643322871523
879	10.326545777346135
880	7.987300902362498
881	7.827123136306016
882	6.134167934558618
883	6.2440787694984365
884	6.857477192575737
885	0.0
886	7.993941810323464
887	2.5483225467202923
888	6.545211321916507
889	7.938970438019807
890	7.281337924573192
891	8.864880866898313
892	4.162838558170189
893	3.2447417986249407
894	6.8132777782232505
895	7.791927697248595
896	7.625713853699338
897	6.463609503525986
898	7.863208310040285
899	7.1243015504174325
900	7.642575284457035
901	1.4815777354806838
902	2.7809700374813557
903	7.857122085378183
904	7.690309013463364
905	7.852628197479795
906	7.918549109530055
907	8.182088911447089
908	7.870288364014056
909	4.38529034822714
910	9.71988919391873
911	7.4112098992720705
912	5.573503204440004
913	1.7484349468543634
914	8.057948809142319
915	4.47334141687424
916	2.7461914765582263
917	7.918329119885979
918	6.304087242045703
919	5.194979861232674
920	7.505216321034183
921	7.541887733908378
922	1.9704964037651933
923	7.384773882493098
924	6.040580320647303
925	4.3200194487094725
926	7.660015597700908
927	4.035120602368181
928	2.535100555783854
929	2.7579837602412134
930	8.429762808247965
931	4.3200194487094725
932	7.69769496815084
933	8.098434264695213
934	2.0770855856896007
935	1.1516575869821717
936	7.504299521252784
937	6.436570967523035
938	7.886300809919355
939	5.749872116909994
940	5.678144714148861
941	3.0994660534188343
942	7.689830343215488
943	6.776439735877001
944	6.558727706124101
945	7.57623470351631
946	6.702374925884134
947	5.65011744295106
948	9.878162566111458
949	3.539264831652136
950	2.8312300900572622
951	7.6504017858788735
952	7.609601863438565
953	7.608930859467776
954	7.462240746130509
955	7.327393799054869
956	7.327393799054869
957	8.178590499615762
958	7.638357778946547
959	8.577195492706588
960	6.629934949132223
961	6.27793547324363
962	5.21383597647878
963	3.157528164761977
964	0.0
965	5.337755885283866
966	6.641116997434752
967	7.822999559048527
968	5.55604886999459
969	6.264528679252376
970	6.670140616000752
971	4.393356566280867
972	7.769116321084303
973	7.246840065235595
974	1.8658975151250259
975	1.982538879836177
976	4.442565802274129
977	4.429020289855593
978	1.7423502693701751
979	2.1879587777894494
980	6.746053706801091
981	6.3069060906561525
982	8.179440579087457
983	6.50281982353911
984	8.397845121182149
985	8.318777247525206
986	8.83211747929002
987	2.627328538353592
988	4.819697259109962
989	7.184022474940836
990	7.184022474940836
991	7.184022474940836
992	7.184022474940836
993	7.184022474940836
994	7.184022474940836
995	7.184022474940836
996	7.184022474940836
997	7.184022474940836
998	7.184022474940836
999	7.7412448489267325
1000	6.529857560722115
1001	6.9538759520365145
1002	6.057062643945395
1003	7.485294801148107
1004	7.438794137480001
1005	6.529857560722115
1006	6.529857560722115
1007	6.057062643945395
1008	6.80733316423899
1009	7.054053515113896
1010	6.057062643945395
1011	1.617324202330485
1012	7.44019322127839
1013	7.677870003480941
1014	7.874558360187386
1015	7.498315518935377
1016	6.5224674987243585
1017	6.983151093609293
1018	7.872974868006502
1019	7.598637045997436
1020	7.598637045997436
1021	7.598637045997436
1022	7.598637045997436
1023	7.991419255281075
1024	7.495979497932087
1025	7.446983065636872
1026	6.839148235350129
1027	5.196160584225771
1028	7.495979497932087
1029	7.446983065636872
1030	7.585461204626294
1031	7.075279483897097
1032	7.310793648504738
1033	6.8377224282782665
1034	2.819032870004269
1035	7.647305609777923
1036	8.890990142517854
1037	6.355327405007494
1038	5.809597933625253
1039	5.570625954595317
1040	8.387481370544156
1041	5.886016241118027
1042	7.6995259738407755
1043	1.4841760786634466
1044	8.343820346351759
1045	7.874145471939384
1046	8.097543281851204
1047	5.875469548174014
1048	2.88733278161872
1049	7.388434458839143
1050	7.278476822254153
1051	7.167509048753223
1052	6.99342035619076
1053	7.323294823826092
1054	6.009994677103531
1055	7.139423890484102
1056	6.348183356000876
1057	7.677628856911435
1058	2.2852484121916854
1059	2.376490766989167
1060	7.181074216718795
1061	1.6244090171512577
1062	7.087910258054313
1063	7.667822219245025
1064	6.141181313596578
1065	6.141181313596578
1066	7.139423890484102
1067	6.141181313596578
1068	6.141181313596578
1069	7.111473250097238
1070	7.32618724291352
1071	7.297023844512283
1072	7.082384042164712
1073	7.244688817281091
1074	6.00980576003071
1075	6.099283657810793
1076	7.883085271837444
1077	7.883085271837444
1078	7.883085271837444
1079	7.883085271837444
1080	4.469642612149578
1081	7.550552896325497
1082	1.4841760786634466
1083	8.1740846920915
1084	7.319302243510383
1085	7.706607668911296
1086	5.281498779188899
1087	3.897279512459979
1088	7.329677355560909
1089	7.883085271837444
1090	7.883085271837444
1091	7.319302243510383
1092	7.838188381897124
1093	7.903845165099936
1094	7.884721444758309
1095	7.277817227353866
1096	7.883085271837444
1097	7.197053635374214
1098	7.319302243510383
1099	7.319302243510383
1100	7.883085271837444
1101	5.115510987034074
1102	7.27872342494239
1103	7.9165837013879985
1104	4.9521559113158755
1105	8.689326887805844
1106	6.798384956279816
1107	5.9444909884025
1108	7.62494723513131
1109	7.903260859765397
1110	5.99792788099982
1111	5.99792788099982
1112	5.699687144301811
1113	6.921597775164928
1114	4.0921466617620865
1115	6.072421930486951
1116	7.832532066559941
1117	4.790288403315937
1118	8.311373236730917
1119	8.138455298461476
1120	8.012829077079742
1121	6.828535102914052
1122	8.148554812550515
1123	5.734330631528999
1124	5.680244044957732
1125	5.7444440523961475
1126	5.685498819964075
1127	6.004516097660447
1128	6.021599554052788
1129	4.992659509193419
1130	6.572851455750402
1131	6.010285931101436
1132	5.69223595699821
1133	5.555011951219317
1134	7.826780338738314
1135	7.093064885353337
1136	6.697131404068695
1137	5.171457693005477
1138	6.1357047709983785
1139	6.010285931101436
1140	7.093064885353337
1141	7.253161281740985
1142	6.0547975407567804
1143	8.878793829609016
1144	6.003204051584068
1145	3.7518209027891274
1146	7.024062991368071
1147	2.087956567014721
1148	8.01755036929472
1149	7.024062991368071
1150	7.405230070693897
1151	7.935749935255397
1152	7.941763784500897
1153	7.242544212307893
1154	6.561989870517251
1155	3.7670673567572854
1156	7.916180272932341
1157	1.142966006181506
1158	4.46349025047742
1159	5.344535207600012
1160	4.911938591039776
1161	6.386856467096782
1162	7.242675713675677
1163	8.075678087712193
1164	7.017141462150849
1165	7.297182366600931
1166	6.702575038389505
1167	7.486956355387036
1168	7.10410027255898
1169	6.6599072097776535
1170	6.782914999786473
1171	3.7561946637528765
1172	8.368465950570158
1173	7.403214805992695
1174	7.739524731047507
1175	7.4762784623914635
1176	7.623824595457259
1177	6.936379983771875
1178	3.932949066778433
1179	9.351465164426687
1180	7.402352122529569
1181	7.9102174189096095
1182	3.2614653519157857
1183	6.395250309108767
1184	7.927869290325616
1185	7.927869290325616
1186	7.927869290325616
1187	5.148944423394509
1188	5.393816235304741
1189	6.968285855252314
1190	7.586649607490876
1191	7.305876054443125
1192	4.357726567374481
1193	4.569297523699205
1194	7.927869290325616
1195	7.791748194123831
1196	7.799010955727407
1197	1.6229870928403853
1198	5.508135531590538
1199	1.6229870928403853
1200	6.985861185038472
1201	6.539299694085514
1202	5.242147356728748
1203	7.7820073219122605
1204	7.601500070159321
1205	7.654364901785364
1206	8.981054160228569
1207	5.4343134488973295
1208	4.937655671150024
1209	7.823872852487449
1210	7.119240437195831
1211	4.229944435631719
1212	7.075592975352654
1213	6.439139303181343
1214	6.461822293355492
1215	8.057516613809875
1216	5.772174179712636
1217	5.389632313961595
1218	5.994186949667484
1219	7.296459228478825
1220	5.477670323201832
1221	7.361519339518608
1222	6.140937845206711
1223	6.021495096159551
1224	6.337405545233556
1225	6.174312472124691
1226	6.176648030061731
1227	5.508135531590538
1228	5.8522768445932885
1229	7.6053027556392125
1230	3.20625796896702
1231	7.38285565574473
1232	7.930869820880834
1233	0.0
1234	5.169666157938127
1235	3.6712692094724173
1236	6.27793547324363
1237	7.462240746130509
1238	5.888862497929066
1239	5.21383597647878
1240	6.853373368951716
1241	6.166216608581291
1242	5.295790157710125
1243	5.476857273301393
1244	8.241501835255374
1245	3.4659088209163875
1246	8.350472051819901
1247	6.767278262088641
1248	6.741473697081096
1249	7.572670530569086
1250	5.515508362257442
1251	5.51250289595797
1252	5.673992915911777
1253	5.114870556831948
1254	5.52207138241864
1255	5.094723782962698
1256	5.373221271186825
1257	5.4910636067228245
1258	5.579425734108959
1259	4.9759511753324
1260	5.7014691301526526
1261	5.41354188426396
1262	4.996893455402521
1263	5.2374298179603525
1264	5.083737056233551
1265	5.287198605840691
1266	5.478798394007178
1267	7.9509826803331
1268	7.005202099695915
1269	6.996508329858946
1270	6.284516557973035
1271	8.490397355970236
1272	6.183293305032139
1273	1.9842712597814103
1274	4.654294403257556
1275	7.3851773584267235
1276	5.888701437326311
1277	7.200093608213073
1278	6.51364470260206
1279	5.336967145213217
1280	5.659784438469066
1281	4.0847264935726395
1282	5.192903633163533
1283	4.694647750039864
1284	8.318405467129688
1285	8.19583449744482
1286	7.27924287800354
1287	7.176272447327946
1288	6.367414065329828
1289	7.846571759411009
1290	6.386791438792486
1291	8.106229728211671
1292	7.865866188276088
1293	5.974524351156459
1294	7.958486422917056
1295	6.948427536195734
1296	6.7683225084910035
1297	6.9520447970528165
1298	7.31464491585929
1299	8.016751675428626
1300	6.864243013667171
1301	6.838840871380971
1302	7.936596151339579
1303	7.851734306250397
1304	6.7916778902565555
1305	6.9716260556866425
1306	6.826394560341713
1307	6.988633039860983
1308	7.045067322412272
1309	6.875798686499112
1310	6.8655435931043325
1311	7.682956826996351
1312	6.835814323936266
1313	6.988633039860983
1314	7.858957884218837
1315	7.93019615975083
1316	8.036993582775416
1317	1.8724250450684927
1318	5.974524351156459
1319	1.8724250450684927
1320	7.087910258054313
1321	3.122956711327997
1322	7.1750825535872576
1323	7.037138546818953
1324	7.65458340320401
1325	7.386115382481187
1326	7.87696655817593
1327	8.457934704616754
1328	7.723060736669699
1329	7.1067547573279155
1330	5.974524351156459
1331	6.829046156439414
1332	6.197215440751047
1333	6.772854477803942
1334	8.098315245185036
1335	8.054210318954205
1336	8.098073244968255
1337	4.229976358274585
1338	5.644029857208565
1339	6.428725215436655
1340	2.1803577522888453
1341	7.803606475789823
1342	7.4762732754161565
1343	1.8691555811975233
1344	5.095799312652476
1345	3.686833323991927
1346	6.861376095395583
1347	7.468653749374502
1348	6.138232110485616
1349	5.545872819790479
1350	5.459438600187544
1351	7.6533060439985015
1352	5.8617459265064715
1353	7.193860553301912
1354	7.389937538062739
1355	0.0
1356	6.9759581127390105
1357	5.651023626182244
1358	0.0
1359	7.473568528762863
1360	7.383183614226597
1361	6.053472754617657
1362	6.053472754617657
1363	6.053472754617657
1364	8.110963402346247
1365	7.67667393473832
1366	7.857400991037486
1367	6.053472754617657
1368	6.8710327211254825
1369	0.0
1370	7.150218303367479
1371	7.293700224527781
1372	7.844911592299382
1373	3.3866639550821804
1374	5.1013694255668645
1375	6.086158758795477
1376	7.1553159667789785
1377	4.762585192374842
1378	5.565969829915445
1379	6.099838815654261
1380	0.0
1381	6.402958678019587
1382	5.846418715070276
1383	8.023074358146781
1384	6.8926377822749325
1385	5.562025566098221
1386	6.927589573106732
1387	2.184151652012337
1388	10.687595148977659
1389	3.7327825997826487
1390	1.9842712597814103
1391	6.950507555730462
1392	6.8377224282782665
1393	8.020687153485973
1394	2.182253053205226
1395	5.403002219153356
1396	5.805314055710057
1397	6.658488263040758
1398	3.4099139101560643
1399	7.4529464706150375
1400	6.823370198349493
1401	8.031411755542901
1402	8.089551156468708
1403	9.543895629696983
1404	8.016029178126415
1405	2.08613684143375
1406	1.9790831789160517
1407	2.184151652012337
1408	8.490397355970236
1409	6.200426359136009
1410	7.108330599801077
1411	7.2919981382211
1412	7.486761336779138
1413	7.9129343715880065
1414	8.132808306207306
1415	0.9411512123633232
1416	7.218492935868468
1417	7.8517958731881325
1418	6.272264557203326
1419	7.530482316307196
1420	9.06097368906617
1421	5.830021414662494
1422	6.361547284868856
1423	2.1765770098170054
1424	2.1765770098170054
1425	6.678523881289638
1426	6.631465491698059
1427	7.287329722662451
1428	6.680118460250085
1429	6.772002328971918
1430	6.75251451208209
1431	6.501337527165272
1432	0.5487541172337982
1433	7.983381839207154
1434	7.068309114202437
1435	8.238609374595624
1436	4.897062139410776
1437	5.375749292871505
1438	7.509806122620225
1439	5.447191019096715
1440	2.3456171303409183
1441	6.065624751140044
1442	1.753026417593557
1443	7.010211273422425
1444	3.509814758498535
1445	6.524239102488662
1446	6.3793128964601475
1447	6.715528601710539
1448	4.04499699407599
1449	6.353815935982426
1450	2.9889803161904522
1451	3.0921846911369175
1452	3.403666762434876
1453	2.8350608391599224
1454	6.101560856626711
1455	2.184151652012337
1456	6.6534471642413
1457	4.700451104168058
1458	3.051686589202676
1459	5.136590928554168
1460	4.7143543367447265
1461	3.9395903075718675
1462	8.142893187428692
1463	8.137164251974964
1464	2.8482355109825206
1465	6.536408463097693
1466	6.119728310690868
1467	4.50603169105199
1468	8.090090279409285
1469	4.469454621986855
1470	4.469454621986855
1471	7.8275881913849945
1472	2.2583948867531474
1473	7.185966257607149
1474	8.179343456593013
1475	5.867665168640886
1476	8.950085993203638
1477	7.78483008945291
1478	5.109122461600757
1479	6.821244478401543
1480	8.083773365425388
1481	5.250489120712466
1482	5.250489120712466
1483	5.282666117969747
1484	5.21870173388396
1485	5.250489120712466
1486	5.250489120712466
1487	5.250489120712466
1488	5.250489120712466
1489	5.250489120712466
1490	4.996472910970389
1491	5.250489120712466
1492	5.250489120712466
1493	6.978094386578522
1494	5.87018431253844
1495	7.033988176648034
1496	5.989447922306694
1497	3.896818808280634
1498	7.884047475167496
1499	4.996893455402521
1500	5.720047746538618
1501	2.808105379560141
1502	6.300673934191353
1503	6.428725215436655
1504	2.089779470040395
1505	5.11568300160628
1506	7.579808245712433
1507	5.735945510180104
1508	2.089779470040395
1509	5.835182121367681
1510	3.893983442356879
1511	5.325298573402286
1512	2.55060801704264
1513	5.332063426283136
1514	6.932491246943698
1515	2.942770251817988
1516	4.951068653564727
1517	4.988405319425426
1518	8.114873146365166
1519	5.332063426283136
1520	2.189867322080014
1521	2.6015308549074985
1522	2.374423177930836
1523	7.906322056818443
1524	7.710571176054073
1525	6.42384536421235
1526	2.541518251421524
1527	7.991179945168217
1528	5.714932906894283
1529	2.537294684582148
1530	8.052086922641672
1531	7.156384314410526
1532	3.512279629567871
1533	5.11568300160628
1534	8.385140258958039
1535	7.994533830810907
1536	6.844428293270022
1537	5.979860262709948
1538	1.4841760786634466
1539	2.4640553813477175
1540	5.692372239597471
1541	5.565710860645184
1542	4.865531234925861
1543	8.112830957262604
1544	6.1594914515555
1545	5.179600003127976
1546	0.0
1547	1.97563950407995
1548	0.0
1549	7.9379016958924105
1550	1.97563950407995
1551	0.0
1552	1.97563950407995
1553	1.97563950407995
1554	1.97563950407995
1555	1.97563950407995
1556	3.192871542941879
1557	2.5385850556006555
1558	1.97563950407995
1559	1.97563950407995
1560	1.97563950407995
1561	1.97563950407995
1562	1.97563950407995
1563	0.0
1564	1.97563950407995
1565	5.623869077615216
1566	6.19553596692988
1567	1.97563950407995
1568	1.749962762358151
1569	1.97563950407995
1570	7.088550087230448
1571	2.975796831311488
1572	0.9411512123633232
1573	1.97563950407995
1574	1.6244090171512577
1575	1.97563950407995
1576	0.0
1577	0.0
1578	0.0
1579	0.0
1580	0.0
1581	0.0
1582	0.0
1583	0.0
1584	0.0
1585	0.0
1586	5.692917196780517
1587	0.0
1588	0.0
1589	0.0
1590	0.0
1591	0.0
1592	0.0
1593	0.0
1594	0.0
1595	0.0
1596	0.0
1597	0.0
1598	0.0
1599	0.0
1600	0.0
1601	0.0
1602	0.0
1603	0.0
1604	0.0
1605	0.0
1606	0.0
1607	0.0
1608	0.0
1609	7.370361226400477
1610	0.0
1611	0.0
1612	0.0
1613	0.0
1614	0.0
1615	6.880333495428765
1616	8.83822628567972
1617	6.320228160983312
1618	8.72162903596677
1619	7.114154132279953
1620	7.659209937537045
1621	8.200661776613373
1622	9.570971942273134
1623	1.8724250450684927
1624	5.800700812427708
1625	2.981523495654747
1626	2.271391245936672
1627	8.470310692333488
1628	6.335103288531408
1629	0.0
1630	3.6100964797461788
1631	5.991258384899514
1632	8.028592226819459
1633	6.149355830432918
1634	0.0
1635	0.0
1636	7.846859040515526
1637	5.904290092767956
1638	6.956216411243308
1639	2.376490766989167
1640	6.196851526983701
1641	7.704817089056729
1642	1.3263244085321697
1643	5.523651807402601
1644	2.374423177930836
1645	2.184151652012337
1646	1.9636804467024063
1647	6.498753969978113
1648	8.335657399460311
1649	3.283663480985127
1650	2.8287003196177043
1651	4.37225625791513
1652	7.20845698474299
1653	1.4841760786634466
1654	6.394649812893038
1655	6.229860459853003
1656	8.082275748187136
1657	1.6229870928403853
1658	8.225944906112607
1659	8.225944906112607
1660	6.9799311039052965
1661	8.320503036464967
1662	7.840163805268741
1663	7.3977154469143445
1664	8.183768048777525
1665	7.015488474570002
1666	0.0
1667	7.172993694537197
1668	7.250421070204664
1669	8.099967232024271
1670	8.087903648754772
1671	7.44680587760234
1672	8.029772911945996
1673	7.845478432043403
1674	8.577868907484223
1675	7.202490028761941
1676	1.8933572112520525
1677	8.91297694126134
1678	6.365490528844517
1679	6.156775592228372
1680	9.561833058213365
1681	4.460546047593031
1682	7.238684349263544
1683	7.461205980363223
1684	9.171047423591824
1685	7.092885835682518
1686	7.233283010365738
1687	6.26992804662372
1688	6.312856693121919
1689	7.186565929000218
1690	8.903596665069939
1691	7.207651863514867
1692	7.04802826111308
1693	7.3018999050916875
1694	6.886126932439403
1695	8.691393886069058
1696	6.66271741835981
1697	4.032334489508118
1698	5.294834403735822
1699	5.81222095357071
1700	6.851742826573015
1701	5.5266532010342795
1702	8.423166413040855
1703	8.678657222589155
1704	6.602675777213218
1705	6.619763902576563
1706	7.283416735038415
1707	8.141183899372633
1708	7.2335865784573095
1709	6.9965039734916115
1710	5.748306078377017
1711	7.264171844885524
1712	7.3874219373717125
1713	7.108529438308553
1714	6.84698471625445
1715	7.313839906677431
1716	7.727345923698413
1717	7.540473839041626
1718	6.833615970798161
1719	7.321797363190124
1720	6.331814712820718
1721	5.389674797638274
1722	7.577410500826638
1723	8.159842239122485
1724	7.088470367790125
1725	7.2100678392520825
1726	6.694303122751326
1727	7.195040225237429
1728	6.420927527526233
1729	4.335975083286876
1730	7.385781664618982
1731	6.274790516192211
1732	7.369092527287015
1733	6.490620791465154
1734	4.14983757378557
1735	4.3541916843688675
1736	5.35919126966055
1737	6.869561730064589
1738	7.577410500826638
1739	6.796151629879057
1740	1.6229870928403853
1741	8.669341713672305
1742	7.690308237944096
1743	7.1529178473630575
1744	6.1798291267311525
1745	5.38502689984153
1746	5.383194885334764
1747	1.982538879836177
1748	6.010515584774028
1749	8.528530886731827
1750	5.036169541480322
1751	7.127978529389438
1752	5.7606550755470085
1753	5.747400218489871
1754	3.0543119175172997
1755	5.383516842231021
1756	6.438858700423715
1757	7.5659495434930175
1758	7.65256198105567
1759	4.804401511601207
1760	7.080957315013968
1761	7.6413000361056325
1762	6.811790009337336
1763	7.37267562281685
1764	6.979275076396237
1765	6.762754334022418
1766	7.071716733990515
1767	7.110331674699424
1768	7.448425865950832
1769	7.064208561450081
1770	7.489389802243542
1771	1.4841760786634466
1772	7.301562013863382
1773	4.040969320332899
1774	9.205774079460632
1775	7.249846225920241
1776	5.3608618533979255
1777	7.003274285060268
1778	6.996005317769988
1779	6.863234461661684
1780	6.243746659891262
1781	6.775402645309538
1782	7.430558651145987
1783	3.286459511470852
1784	1.4828757688475669
1785	8.383199927625915
1786	5.276268428117818
1787	1.4841760786634466
1788	4.969183793972512
1789	7.019111855060856
1790	8.556805523993319
1791	7.816159044249157
1792	4.280492440461806
1793	7.012257333116433
1794	7.012257333116433
1795	9.032739875652885
1796	2.2852484121916854
1797	7.9461327457551
1798	7.714100624230491
1799	7.714100624230491
1800	7.075985171497798
1801	7.510541468839486
1802	7.510541468839486
1803	7.021162852396817
1804	3.1983793337715136
1805	7.601697818892088
1806	7.437656782058565
1807	7.956281659487275
1808	7.681357796097745
1809	5.833807078794062
1810	5.1577522822391675
1811	7.696702725012814
1812	5.709035266657914
1813	5.973180579381914
1814	6.784755254732313
1815	7.033578292166271
1816	6.048552964007124
1817	2.694161073823124
1818	6.967171659686671
1819	8.007764449391889
1820	6.8697885925226885
1821	6.836575027516997
1822	1.7516097804322244
1823	6.008729407924501
1824	5.23606625791512
1825	6.093655977216889
1826	6.1048098793889505
1827	5.588861193500853
1828	4.535708475500275
1829	4.886914625814024
1830	7.727515665813448
1831	4.048771191541817
1832	7.158732311568244
1833	4.048771191541817
1834	7.808917077369695
1835	6.062363940220854
1836	6.977657776421134
1837	6.265440651787076
1838	6.978287449552337
1839	7.641886623151835
1840	7.652847005322438
1841	7.625959693585639
1842	6.321472093472021
1843	6.605374601555068
1844	7.98189787756632
1845	1.6229870928403853
1846	6.5048619886223955
1847	6.647994345367164
1848	1.6229870928403853
1849	6.647994345367164
1850	5.772174179712636
1851	9.112345206688559
1852	6.747542866136995
1853	6.661988623934184
1854	6.628747690143095
1855	4.265648797634202
1856	7.085854866157582
1857	3.1658045929835956
1858	7.753106350372042
1859	5.754236026367496
1860	5.585599237602135
1861	6.629835487445031
1862	1.477697234449993
1863	5.678714937185806
1864	7.7767168022965345
1865	6.396884741513192
1866	7.13727693183793
1867	7.240084212412205
1868	8.40139940161745
1869	8.513978325024587
1870	1.4841760786634466
1871	7.787929061898169
1872	6.474481165896158
1873	7.766166446974366
1874	7.44932678830209
1875	7.79101678059529
1876	6.553691611645235
1877	7.186042796878207
1878	6.032782480888788
1879	4.675888217604407
1880	7.473121171943476
1881	0.0
1882	5.343307863052066
1883	7.666349796038732
1884	5.7473543923441595
1885	8.901098961930895
1886	8.320715711454284
1887	2.950454889030842
1888	2.186053557325345
1889	4.347780461984071
1890	6.975783106081285
1891	2.189867322080014
1892	2.189867322080014
1893	2.882711814638494
1894	2.189867322080014
1895	2.189867322080014
1896	2.189867322080014
1897	6.693387103318429
1898	6.530215798008863
1899	1.7484349468543634
1900	4.869127224699914
1901	8.114227757402148
1902	6.515940249851999
1903	6.824697053644245
1904	7.140877083709052
1905	3.5638870438409165
1906	7.29080466277085
1907	7.934303345180978
1908	3.0347202590358124
1909	1.6215676557115373
1910	7.377278665725149
1911	7.257652665500274
1912	7.513616097401949
1913	5.275028897247567
1914	4.374961230348597
1915	6.8443683630946826
1916	6.5495689871626075
1917	6.552963598222329
1918	7.546427590817335
1919	3.250315032114893
1920	7.240464558527036
1921	7.67026790260509
1922	7.055494334073321
1923	7.169971726012886
1924	6.9025734583958895
1925	7.685149566263787
1926	4.868115086302574
1927	7.266756285994553
1928	7.855829795445186
1929	8.469439432228308
1930	7.0326266583455865
1931	7.416493005707432
1932	8.161701355621542
1933	6.280723713526525
1934	6.510532203460881
1935	6.4147050079067975
1936	7.821929016687828
1937	1.9842712597814103
1938	7.947907645699648
1939	7.698069082212905
1940	6.81640821025056
1941	6.408658550363242
1942	6.625335353704218
1943	6.718062383645942
1944	6.088713098115456
1945	7.773716742231833
1946	3.969606016847805
1947	7.324948956165534
1948	6.868651125988048
1949	6.36166257553154
1950	7.894940720954016
1951	5.312475501330188
1952	6.381671679170238
1953	6.756515086633798
1954	0.0
1955	7.72144526936546
1956	5.308310166817316
1957	7.6065890003225345
1958	6.335746985415106
1959	7.792717230459037
1960	7.318554249211019
1961	5.521652408195849
1962	5.312475501330188
1963	4.8925074273029034
1964	6.079571773062582
1965	2.1784657406779346
1966	6.562803100207042
1967	7.24374207395615
1968	6.718062383645942
1969	5.725670886057699
1970	1.7484349468543634
1971	6.560070138999455
1972	6.541209393964209
1973	6.889468439088489
1974	6.081332881438482
1975	5.88308585398067
1976	5.88308585398067
1977	4.797167846060513
1978	5.88308585398067
1979	5.312475501330188
1980	5.312475501330188
1981	6.60115711954141
1982	1.4789884742234594
1983	3.8516363578623403
1984	6.808721505820368
1985	7.288439252566422
1986	7.029879470367982
1987	6.007197299605345
1988	6.619248497240946
1989	6.751874318213262
1990	7.184578056135311
1991	7.247090240557416
1992	1.6229870928403853
1993	1.8724250450684927
1994	7.337041766082185
1995	6.656127993877002
1996	6.649877137987518
1997	6.612545006702661
1998	7.2019095404132445
1999	7.761409225137441
2000	4.406733846091231
2001	2.1879587777894494
2002	7.227892364246796
2003	7.8520656026435285
2004	7.794627261428032
2005	7.6682134964236806
2006	4.473327800325864
2007	2.705840268656047
2008	7.249094553032143
2009	7.201697335449065
2010	7.25982916569232
2011	2.705840268656047
2012	7.1126061350263114
2013	7.069642647664339
2014	7.069642647664339
2015	4.728736916532769
2016	7.958141323090058
2017	5.979734913403815
2018	6.910597308084132
2019	2.4671798935116307
2020	7.8520656026435285
2021	7.794627261428032
2022	7.227892364246796
2023	7.193777986011249
2024	6.156594899419583
2025	8.128468927352582
2026	7.489912727433414
2027	8.629336371857582
2028	2.7746641255697924
2029	1.6425322532751436
2030	5.946228358389424
2031	7.289301733007747
2032	6.263267710054257
2033	0.0
2034	7.628822725871399
2035	5.203395242034543
2036	6.74545879368699
2037	7.044223353595322
2038	7.7998684458062195
2039	6.942986883511429
2040	7.455843591323713
2041	5.734454145634631
2042	1.870788884673345
2043	8.02426443429387
2044	6.114424803145169
2045	7.023134100891784
2046	8.29938602428017
2047	6.5298848880632026
2048	5.643588019718136
2049	6.593650730978942
2050	6.648476944791536
2051	7.873103607837535
2052	6.582361779940367
2053	6.9462704400050805
2054	3.966381086119147
2055	8.642449463485665
2056	8.256725423094498
2057	3.536246016288338
2058	8.23193240976374
2059	6.453739723704891
2060	7.858664109252334
2061	5.681832918285148
2062	7.986083747546102
2063	3.03862735581355
2064	6.568508083303752
2065	8.216995528163363
2066	7.508542860328441
2067	6.946192092582986
2068	7.780075228999826
2069	8.49651271082927
2070	5.6926785006979355
2071	6.588469568244502
2072	3.104262798477318
2073	2.599252830146148
2074	7.156264959128425
2075	5.571259078935769
2076	4.432936441741514
2077	7.187111505534062
2078	6.512434618674004
2079	5.904265995773269
2080	3.03862735581355
2081	7.245812554429451
2082	7.1144755276530365
2083	7.285979285357399
2084	6.445324615170444
2085	7.4252691643973145
2086	7.313816709813269
2087	6.59045930215944
2088	7.410290746056241
2089	6.643075976420128
2090	3.0934901462507094
2091	5.0825709410723725
2092	6.846361525364995
2093	2.2852484121916854
2094	6.0379233272522095
2095	6.027083666137058
2096	6.091706028462747
2097	6.911210662813935
2098	0.0
2099	7.467333755068216
2100	7.4665771257814795
2101	8.185043935904126
2102	3.3090003495517446
2103	3.372034591596492
2104	6.164415996827098
2105	7.050197664001794
2106	8.1817328904899
2107	6.454285424006306
2108	3.430970447716022
2109	5.944966408004447
2110	3.5947003237134587
2111	5.550009260150275
2112	5.99127805994092
2113	7.093236931119039
2114	5.422338569113916
2115	6.027621365118492
2116	6.76533268846591
2117	5.701843168422343
2118	1.9842712597814103
2119	7.40268914556295
2120	7.93831495747361
2121	7.68559258855496
2122	5.982049919426448
2123	6.005140744726176
2124	8.756485149255042
2125	7.841706934295268
2126	6.969454464480979
2127	7.763204396985812
2128	6.058465371319052
2129	5.910656011597472
2130	6.283945200088172
2131	7.518281519056126
2132	8.585816576257491
2133	8.590292080910864
2134	8.585816576257491
2135	8.585816576257491
2136	8.590292080910864
2137	6.652433423345067
2138	7.235987675619614
2139	2.0341483963621076
2140	6.914285999536825
2141	7.54907158974767
2142	5.736140104999411
2143	7.75579569109152
2144	0.0
2145	6.190675917387421
2146	4.352061200713673
2147	8.115691206845645
2148	6.4766552022013535
2149	8.107404696992855
2150	3.220891538059704
2151	5.0809964472559255
2152	1.751493250265264
2153	4.762441694817235
2154	3.325526770719986
2155	2.772268873840128
2156	7.213873308415679
2157	6.917765817854608
2158	6.977572316684254
2159	5.02241362839708
2160	5.884072713459937
2161	6.997335915571764
2162	6.848236422238805
2163	6.918765789021075
2164	7.0452787009070015
2165	7.78241447535573
2166	7.079845124380854
2167	8.030651229686756
2168	1.982538879836177
2169	8.226586091441392
2170	4.721989461026694
2171	4.9430550807321
2172	5.311088548235064
2173	7.3363378634521945
2174	7.306568737690851
2175	6.8312463019550345
2176	4.849194651484813
2177	8.190671742166131
2178	8.190671742166131
2179	8.190671742166131
2180	6.105443933065582
2181	7.921729493454828
2182	7.214525598775004
2183	7.214525598775004
2184	4.259089032048178
2185	8.48542615372125
2186	8.252306058999483
2187	6.083129615324881
2188	6.089402324127224
2189	5.962154249305825
2190	0.9411512123633232
2191	0.9411512123633232
2192	4.5924851177722905
2193	3.5943355837724105
2194	6.066984750301786
2195	6.066984750301786
2196	4.835007069753629
2197	1.8389968590854142
2198	1.3286525149231632
2199	4.853342306449898
2200	7.242790347598664
2201	7.913218135742889
2202	7.492986515641922
2203	1.4828757688475669
2204	1.753026417593557
2205	8.246846328804198
2206	7.13727693183793
2207	5.900989315344391
2208	5.900989315344391
2209	6.676234468459468
2210	6.6486169985476895
2211	5.911034162618562
2212	7.007323108832499
2213	6.289355708408156
2214	8.084655297633853
2215	8.193662195213161
2216	6.697139709744835
2217	7.929751802232047
2218	7.127894227149422
2219	6.633009402632591
2220	6.55707184466323
2221	5.093388571542847
2222	5.1739007514426945
2223	6.9153608432644775
2224	5.547337671893296
2225	7.807875196568807
2226	5.232551982592164
2227	6.646992967224396
2228	6.478992352304623
2229	7.843940771052277
2230	5.823912550876732
2231	5.817894872881269
2232	8.200801325062587
2233	7.667399152083269
2234	5.817894872881269
2235	5.316203018509277
2236	5.817894872881269
2237	5.6610736725676745
2238	5.817894872881269
2239	5.817894872881269
2240	5.817894872881269
2241	5.547337671893296
2242	7.666236952408409
2243	5.547337671893296
2244	6.773335931828405
2245	5.540915737665074
2246	0.0
2247	6.974688804227653
2248	6.946686206841549
2249	6.2299574859016635
2250	4.432788321759672
2251	2.349329807265052
2252	4.2113927462886505
2253	7.074853456661273
2254	1.3286525149231632
2255	7.723656012390724
2256	6.562888481491826
2257	5.563728803564464
2258	8.065307272742483
2259	6.954797144044661
2260	4.363087867631095
2261	1.4828757688475669
2262	7.541069142733654
2263	6.48704897351714
2264	7.8473505116563915
2265	6.827040800912062
2266	6.7082754941640825
2267	1.1506468307255422
2268	4.825555098594972
2269	3.00791129007258
2270	4.653736549425281
2271	2.9534518718561666
2272	6.5985491354644
2273	7.0113443980497205
2274	2.957864748687495
2275	6.817176134352475
2276	8.928159640656778
2277	3.5794349314937697
2278	3.5794349314937697
2279	6.025395917013119
2280	4.7915904699113785
2281	8.083045354976628
2282	8.928159640656778
2283	5.780004572457478
2284	6.835125417332473
2285	7.0386364576575575
2286	6.514433833555699
2287	7.739303675029409
2288	7.22029197168023
2289	7.375774933640271
2290	2.3682419406309325
2291	2.3682419406309325
2292	7.716922965510016
2293	6.13429031439134
2294	7.934784333946085
2295	5.462864085418557
2296	8.266637488381715
2297	0.0
2298	0.0
2299	0.0
2300	0.0
2301	1.6244090171512577
2302	1.6244090171512577
2303	7.478120951101643
2304	1.4841760786634466
2305	1.6244090171512577
2306	1.4841760786634466
2307	1.3286525149231632
2308	1.6244090171512577
2309	1.6244090171512577
2310	7.114154132279953
2311	7.007566108251423
2312	5.342061069293744
2313	7.322961376517682
2314	3.0220455422489363
2315	3.5151812276013836
2316	1.982538879836177
2317	7.524499890093022
2318	7.555067312555929
2319	1.4841760786634466
2320	1.6244090171512577
2321	7.533870048424112
2322	1.753026417593557
2323	7.739303675029409
2324	3.0193019687898155
2325	7.414081152802297
2326	1.9842712597814103
2327	1.6244090171512577
2328	8.639985717607509
2329	5.074784299333403
2330	9.141731941537115
2331	8.639985717607509
2332	7.417018042552567
2333	1.1516575869821717
2334	1.1516575869821717
2335	7.411811235187534
2336	7.256464099111485
2337	8.454292474028499
2338	8.410136387585627
2339	7.040995777286432
2340	7.014528658224628
2341	7.0030161763054455
2342	7.855087795744599
2343	6.464823464203004
2344	4.286569063525183
2345	7.5220207767030605
2346	7.891718273911779
2347	7.5220207767030605
2348	7.990484508646322
2349	3.9298287622006507
2350	2.535100555783854
2351	4.767161170079061
2352	4.567770544405108
2353	6.666061259025141
2354	5.959798848894408
2355	6.025287787459494
2356	6.954365821468422
2357	5.686460703952652
2358	4.7955426168998025
2359	6.932298054672779
2360	5.959798848894408
2361	1.3286525149231632
2362	1.4841760786634466
2363	1.4841760786634466
2364	3.1069196435498054
2365	1.6244090171512577
2366	2.089779470040395
2367	7.193181151891202
2368	1.6244090171512577
2369	1.1516575869821717
2370	6.743631902414721
2371	1.753026417593557
2372	1.6244090171512577
2373	8.253325352082504
2374	0.6660800197473139
2375	0.0
2376	1.8724250450684927
2377	1.6244090171512577
2378	1.8724250450684927
2379	6.786961557682712
2380	1.6244090171512577
2381	6.977657776421134
2382	1.6244090171512577
2383	1.3286525149231632
2384	1.4841760786634466
2385	1.4841760786634466
2386	1.6244090171512577
2387	1.4841760786634466
2388	6.752086283271829
2389	1.6244090171512577
2390	1.6244090171512577
2391	1.3286525149231632
2392	1.753026417593557
2393	1.6244090171512577
2394	1.8724250450684927
2395	1.6244090171512577
2396	1.753026417593557
2397	1.6244090171512577
2398	1.753026417593557
2399	1.753026417593557
2400	7.193181151891202
2401	1.3286525149231632
2402	7.193181151891202
2403	1.753026417593557
2404	7.193181151891202
2405	6.9170166062332035
2406	7.94101445049442
2407	1.6244090171512577
2408	1.6244090171512577
2409	8.396661953518906
2410	7.430528171415843
2411	1.9842712597814103
2412	1.8724250450684927
2413	2.089779470040395
2414	0.9411512123633232
2415	6.997758546292103
2416	4.428731011806554
2417	1.753026417593557
2418	1.6244090171512577
2419	1.6244090171512577
2420	7.193181151891202
2421	1.6244090171512577
2422	1.4841760786634466
2423	1.4841760786634466
2424	1.4841760786634466
2425	8.00837658363323
2426	2.9071701440393243
2427	1.8724250450684927
2428	1.6244090171512577
2429	1.4841760786634466
2430	5.610829822975252
2431	1.6244090171512577
2432	1.8724250450684927
2433	1.753026417593557
2434	1.753026417593557
2435	1.4841760786634466
2436	1.6244090171512577
2437	1.6244090171512577
2438	8.193528536259718
2439	6.5552089331942565
2440	1.4764082473590934
2441	2.701156460715175
2442	7.10200679411682
2443	7.5055394197026395
2444	0.0
2445	5.583340389973094
2446	6.887166821418064
2447	5.086649335990821
2448	6.940816397883428
2449	5.039770325116184
2450	8.222868774604347
2451	5.210280289518984
2452	0.0
2453	1.9808095221817543
2454	8.647560031692082
2455	6.887166821418064
2456	6.862622483036021
2457	7.478648867503269
2458	6.18868284328824
2459	6.165755090229522
2460	6.6599072097776535
2461	7.0113443980497205
2462	6.164150348409988
2463	7.694069127773976
2464	7.10410027255898
2465	6.691381838216181
2466	2.1784657406779346
2467	7.825086229344873
2468	6.721216549908464
2469	4.949703605452377
2470	7.672314701823311
2471	2.8531615415275327
2472	6.738673750462435
2473	8.359566873471076
2474	6.167652013697484
2475	7.714856721666899
2476	7.909393980317387
2477	8.407963702014579
2478	7.259863790154276
2479	8.601547471162606
2480	3.073568860986882
2481	7.986616666517689
2482	2.4640553813477175
2483	1.977359842164504
2484	7.780436483804386
2485	6.004383659016545
2486	7.892765646692148
2487	8.901098961930895
2488	7.326635167878863
2489	6.670728318504894
2490	6.004383659016545
2491	6.004383659016545
2492	6.585857969600127
2493	6.905745023362603
2494	6.727298917324555
2495	6.531760483099585
2496	7.07982733466086
2497	7.155448223956906
2498	7.139964104019213
2499	1.4841760786634466
2500	1.4841760786634466
2501	7.697373563747054
2502	8.248018320411015
2503	5.763108425633445
2504	8.248018320411015
2505	2.2852484121916854
2506	7.263621817861584
2507	7.736235572415515
2508	1.6215676557115373
2509	8.091644845563998
2510	8.177888197167052
2511	0.0061272218121645175
2512	7.481096296550643
2513	3.7423886948985388
2514	7.234356304483634
2515	5.487164969777112
2516	7.550223310542659
2517	2.089779470040395
2518	2.370298774101137
2519	7.281344669171859
2520	6.77891291642704
2521	2.0492633555303694
2522	3.258884500136557
2523	2.6775810587478404
2524	8.682763447482817
2525	7.751947977482116
2526	7.90501776535273
2527	7.05665024698896
2528	8.056087319137292
2529	8.232405118651313
2530	8.37759989499909
2531	8.533447353726308
2532	8.378771708900711
2533	1.753026417593557
2534	7.90501776535273
2535	7.90501776535273
2536	7.90501776535273
2537	8.232405118651313
2538	8.232405118651313
2539	8.232405118651313
2540	8.568682639266815
2541	8.056087319137292
2542	8.056087319137292
2543	8.37759989499909
2544	8.37759989499909
2545	8.37759989499909
2546	8.37759989499909
2547	8.37759989499909
2548	8.378771708900711
2549	8.378771708900711
2550	8.378771708900711
2551	8.378771708900711
2552	8.533447353726308
2553	6.455551013026439
2554	3.6070067068544893
2555	3.7076967349982373
2556	2.9096689969072336
2557	7.863639348817753
2558	8.02066985534689
2559	8.920948769487284
2560	5.405795754326503
2561	7.877523835881793
2562	6.211674922229939
2563	0.0
2564	4.7174524858333005
2565	7.57503927676659
2566	7.996046913464799
2567	6.74940431275902
2568	8.008933598672025
2569	7.597829793616593
2570	7.719192126971158
2571	8.717562369662673
2572	7.144389421215222
2573	6.878814479750534
2574	8.274804337157942
2575	6.213598747024993
2576	8.421385439474786
2577	6.051706058265921
2578	6.656002977306496
2579	7.294595381991248
2580	4.428500285615853
2581	4.2625141081596665
2582	7.22058601105089
2583	8.510591187424772
2584	8.714538320252991
2585	6.616420611726115
2586	2.265503771750554
2587	4.590601750806341
2588	4.186991078802714
2589	6.362299678823205
2590	3.726170143890304
2591	3.163729436145356
2592	8.194608294920886
2593	3.726170143890304
2594	5.742052130434103
2595	4.175755307012561
2596	7.25200535252034
2597	2.9046755795682238
2598	2.089779470040395
2599	5.870956392690981
2600	7.128467282857611
2601	7.732969867387256
2602	8.82267225031202
2603	4.294334665763204
2604	6.263177890012797
2605	6.845788765074076
2606	6.9802377351825
2607	6.349583059125068
2608	5.043814569038801
2609	2.8482355109825206
2610	2.701156460715175
2611	5.562749402075251
2612	2.622776694552994
2613	7.640131266350043
2614	7.302955019040021
2615	7.567630023426618
2616	8.215157493672788
2617	6.137357797515572
2618	6.128504148582751
2619	6.2727842029101595
2620	6.426873816013406
2621	6.130285773889885
2622	6.167193481644544
2623	6.0463838301604635
2624	7.156771795571565
2625	6.6945122709689056
2626	4.318337065499663
2627	5.899460282688697
2628	7.816105114340947
2629	7.061244517653044
2630	8.429123571784741
2631	2.089779470040395
2632	4.20372415300595
2633	6.02352250004313
2634	6.966739958771571
2635	7.811204849247591
2636	6.036523415094459
2637	6.791127509997408
2638	7.698342265414905
2639	6.351414123013977
2640	2.6825822672993036
2641	2.6825822672993036
2642	6.76784275291398
2643	7.612854008985851
2644	7.565996472155615
2645	7.426051804560218
2646	3.2419623429530464
2647	6.431318039824088
2648	3.549403133238865
2649	6.695138946927909
2650	6.0267585480261925
2651	6.206495865191322
2652	7.969196059580784
2653	7.015233253880813
2654	7.897982936330808
2655	5.9047271205929395
2656	1.753026417593557
2657	1.977359842164504
2658	1.8724250450684927
2659	1.8724250450684927
2660	3.6930959830923906
2661	7.731584702997359
2662	6.0267585480261925
2663	3.062215075040504
2664	5.877771232412798
2665	6.955074237250851
2666	7.4577970933300906
2667	8.164949376631471
2668	5.583340389973094
2669	6.743631902414721
2670	8.15130561143354
2671	3.3605102267555313
2672	5.562749402075251
2673	5.5397852729445125
2674	8.236761053044448
2675	7.664137264888062
2676	7.228152284716894
2677	2.376490766989167
2678	6.3071851985489165
2679	1.753026417593557
2680	1.753026417593557
2681	8.241677339955555
2682	1.753026417593557
2683	6.025529269762778
2684	6.748601354258378
2685	7.227349578206851
2686	6.747214040739104
2687	4.729653205552693
2688	7.060064593863769
2689	7.6216192998822665
2690	6.3071851985489165
2691	7.5810457296882605
2692	7.580138711430006
2693	7.675974557255079
2694	7.3914817352657405
2695	6.384647072841798
2696	7.401417204744081
2697	2.4640553813477175
2698	4.876223273104091
2699	2.376490766989167
2700	7.5903843709638394
2701	2.376490766989167
2702	7.51017890333566
2703	5.058770696442427
2704	7.666236952408409
2705	4.708403483401236
2706	7.5176274085616575
2707	7.5654971604744405
2708	0.0
2709	3.6768096065085354
2710	3.275009175982583
2711	7.60196009989217
2712	7.416933231694505
2713	7.512429892745697
2714	7.665702864517724
2715	2.1803577522888453
2716	7.058746376041639
2717	7.669040929438279
2718	5.239178627171588
2719	4.652842968878307
2720	8.286840533526187
2721	4.947081448218114
2722	7.480584868717037
2723	4.941052929923448
2724	5.366630845848279
2725	0.0
2726	1.3286525149231632
2727	8.630254413544938
2728	3.9296368360106113
2729	7.241652594666925
2730	5.388030313513251
2731	6.330701648755736
2732	6.741088982681617
2733	6.651437838195962
2734	4.629554526311196
2735	6.594133892239874
2736	7.5328321755619285
2737	5.411167692877591
2738	4.941052929923448
2739	7.555447635860381
2740	8.222104129837707
2741	7.779802722808806
2742	5.012601554011386
2743	5.012601554011386
2744	7.301562013863382
2745	8.69729817428713
2746	7.54729873709103
2747	7.72144526936546
2748	5.853317972778335
2749	7.5959026499915066
2750	8.100418714130555
2751	6.8689852192162535
2752	5.894251219911745
2753	7.103805646264877
2754	7.103805646264877
2755	5.276268428117818
2756	7.2649638274775175
2757	8.334607806579884
2758	6.726455602906368
2759	2.6530061120107367
2760	7.013867383683367
2761	6.340852106082913
2762	6.4697532031094385
2763	4.451370113904099
2764	8.129713399209717
2765	7.407237124573279
2766	4.831407512897619
2767	0.0
2768	5.117500835777512
2769	0.0
2770	2.578110950711152
2771	5.827173374825479
2772	7.445613722081871
2773	4.0847264935726395
2774	5.7735435114180556
2775	1.133975545637563
2776	6.98028414424692
2777	7.02497623721688
2778	4.782899205305908
2779	7.435085255154793
2780	7.006674143484835
2781	5.031482183904877
2782	3.459106411516822
2783	3.401830266414654
2784	8.10604784242893
2785	1.4841760786634466
2786	3.689961996274226
2787	2.70818826920788
2788	6.265164957585788
2789	3.689961996274226
2790	3.941176897605518
2791	6.164827470808591
2792	6.528103190134068
2793	6.699275117504927
2794	6.057538050651877
2795	3.689961996274226
2796	3.689961996274226
2797	3.689961996274226
2798	3.689961996274226
2799	3.689961996274226
2800	3.689961996274226
2801	3.689961996274226
2802	3.689961996274226
2803	2.6144069071399345
2804	5.371995602681745
2805	3.689961996274226
2806	3.689961996274226
2807	3.689961996274226
2808	3.689961996274226
2809	3.689961996274226
2810	3.689961996274226
2811	3.689961996274226
2812	3.689961996274226
2813	3.689961996274226
2814	3.689961996274226
2815	3.689961996274226
2816	7.501188706843366
2817	6.528103190134068
2818	4.163187446593918
2819	3.6294603175211555
2820	3.588683400010631
2821	5.099248472661472
2822	6.590099369626336
2823	6.218409120206507
2824	3.6060820743126674
2825	3.6000183844680764
2826	4.124600520758
2827	6.264839282721841
2828	4.95356560561811
2829	4.95356560561811
2830	6.345585158748387
2831	6.322751921748231
2832	7.4794633908075605
2833	4.174085018260422
2834	6.65288862075178
2835	3.3118397137092837
2836	0.0
2837	7.7583990839803985
2838	5.427380259623666
2839	4.2519232656291335
2840	7.596136109964666
2841	2.7698777539852797
2842	1.7517136509200155
2843	3.7633615343115987
2844	6.9258650204888585
2845	7.869778710274023
2846	2.366188673711975
2847	8.867340946837318
2848	7.039751524088943
2849	6.91429097255792
2850	6.111740376208047
2851	7.745554885887161
2852	8.981054160228569
2853	5.798479372115596
2854	4.535708475500275
2855	6.724523317070548
2856	6.738916107743212
2857	4.813963211496597
2858	8.44586760904735
2859	5.888777762282807
2860	4.596011543070551
2861	6.4416840154516475
2862	3.5416443407915494
2863	0.958023211945709
2864	8.323753831751956
2865	7.430558651145987
2866	6.997335915571764
2867	6.848236422238805
2868	7.213873308415679
2869	6.918765789021075
2870	6.917765817854608
2871	8.207821081721509
2872	7.508459553262562
2873	7.5488415950097
2874	1.8724250450684927
2875	2.089779470040395
2876	1.982538879836177
2877	7.324435631068809
2878	6.483852816246325
2879	2.8079106570978283
2880	5.250329250959348
2881	6.75693279590326
2882	4.030796829329771
2883	6.585857969600127
2884	1.870788884673345
2885	1.870788884673345
2886	5.592684805853964
2887	5.592684805853964
2888	7.773686041403163
2889	7.502639052664968
2890	6.965535217984234
2891	7.578090404640422
2892	6.948515418976578
2893	7.077660355173868
2894	7.737417966633689
2895	7.710316836126858
2896	7.501824326052898
2897	7.683131358416559
2898	6.937870946192282
2899	7.77215238173443
2900	7.822154940949381
2901	7.837772923752947
2902	6.943714340712763
2903	5.948480252828196
2904	7.247030280655828
2905	3.1158807137019475
2906	5.080003305654823
2907	5.049936429263575
2908	7.1023112856332205
2909	5.042115569658686
2910	1.753026417593557
2911	5.080003305654823
2912	5.064746957745366
2913	7.903650792694443
2914	6.402958678019587
2915	6.428725215436655
2916	5.104878023543103
2917	7.259428651035881
2918	8.05239700380416
2919	8.13184883652468
2920	7.529089460271586
2921	8.393277618081077
2922	7.399731480086649
2923	6.575731932352689
2924	6.053790193048201
2925	2.7674907553230614
2926	4.5020822066038395
2927	4.723560464211896
2928	5.686645545912224
2929	5.553805566839797
2930	5.591377804286233
2931	6.807168451573712
2932	6.634618783716656
2933	5.46230291318947
2934	2.9943926196041746
2935	5.134397152550856
2936	7.001577308278809
2937	8.142402561460017
2938	5.559261709246467
2939	6.075523889450417
2940	7.2732860462870805
2941	7.160686362871959
2942	7.301342551857069
2943	3.8644249909205186
2944	4.513135215725819
2945	6.182240927331062
2946	5.134397152550856
2947	6.643203474656831
2948	6.643203474656831
2949	6.592222720967927
2950	6.629159328412931
2951	6.753654967296979
2952	6.647313615462858
2953	6.741152785519938
2954	6.762575346271645
2955	6.66860489150942
2956	6.749821945992776
2957	6.644666539626387
2958	6.6832535242966244
2959	6.678852227753638
2960	6.749821945992776
2961	3.863335930235451
2962	6.786550000302071
2963	6.669390258891791
2964	6.6832535242966244
2965	6.716974118517788
2966	3.9494863092977304
2967	6.673908767888216
2968	6.795271565482442
2969	6.776283433024536
2970	6.647313615462858
2971	6.669390258891791
2972	6.678852227753638
2973	6.694165243274372
2974	6.66860489150942
2975	6.644666539626387
2976	3.948345301568123
2977	6.673908767888216
2978	7.351249783776088
2979	5.298532827284903
2980	6.540817541597235
2981	6.8195562158410326
2982	6.428725215436655
2983	7.147762033012258
2984	5.225859832510829
2985	6.529011566838167
2986	5.83133977232144
2987	6.835056361644375
2988	5.822785669786905
2989	3.0077365815404744
2990	7.756897120244723
2991	5.4676205911444
2992	7.375774933640271
2993	5.908108668289677
2994	7.318396960593252
2995	6.471971977222888
2996	2.0788895479790224
2997	7.664377214495662
2998	2.1803577522888453
2999	8.48622786147077
3000	8.156861635546031
3001	7.040781090240131
3002	6.460299264008108
3003	7.870618086419837
3004	6.248326719187733
3005	1.751493250265264
3006	7.215001606367177
3007	7.0344741703228655
3008	7.553753586918943
3009	4.630023764420622
3010	1.751493250265264
3011	7.229347595246302
3012	7.018166348119839
3013	3.4679351528534044
3014	7.683553625919208
3015	7.132225187224878
3016	7.052868590762403
3017	7.43607654164553
3018	6.632501063668701
3019	6.247630516726067
3020	7.044459350074665
3021	7.018166348119839
3022	4.248723111828922
3023	6.48858424808985
3024	5.510566738925593
3025	1.6244090171512577
3026	7.9568077075954005
3027	7.475746017762279
3028	7.288757569961008
3029	3.377826465736717
3030	6.138159109481392
3031	6.419785483996606
3032	6.257814553362544
3033	6.185051923075748
3034	6.39564039636769
3035	6.0233868058802775
3036	6.226189280168745
3037	7.492994792132645
3038	8.03068918407018
3039	7.6212439663540055
3040	6.801380772556467
3041	2.080696646498154
3042	5.8079422719952305
3043	1.751493250265264
3044	7.097908482757905
3045	6.863137167528808
3046	6.586497056806375
3047	1.6244090171512577
3048	1.1516575869821717
3049	6.0025538751401735
3050	6.90295156688245
3051	5.8445384472264115
3052	7.834250315642345
3053	5.909472843928227
3054	5.895716216374606
3055	5.859865885383507
3056	1.7942643366363793
3057	5.845737841660725
3058	5.869443008042912
3059	5.8445384472264115
3060	5.873805602640812
3061	6.997270955962945
3062	5.909472843928227
3063	6.744743599987925
3064	2.5241865880081122
3065	5.896768442491579
3066	6.771986242440164
3067	7.603314334168612
3068	5.858860550992514
3069	8.091277264640713
3070	7.139423890484102
3071	7.040171984340893
3072	6.365408378813153
3073	6.689916626459547
3074	6.559218526683861
3075	5.450800363987949
3076	6.12626261748711
3077	5.921819421497537
3078	5.820019207972165
3079	7.264250038145934
3080	3.7205800722582967
3081	7.343750228943776
3082	7.007564156007598
3083	1.4841760786634466
3084	6.434748875431559
3085	7.0107723779580695
3086	7.034356301930816
3087	7.383108207010524
3088	6.551532316345049
3089	7.510838737778899
3090	8.332943073982145
3091	8.05375091794658
3092	6.262203554804784
3093	6.379148261581311
3094	6.147425560871103
3095	6.066940438249896
3096	7.481848600466776
3097	6.967802612342393
3098	1.6244090171512577
3099	5.193548938044954
3100	6.326493679951555
3101	6.475469376532141
3102	5.635987915832591
3103	5.73275546311877
3104	6.134372652992652
3105	6.119884905085082
3106	5.872121291356391
3107	5.9532205953895625
3108	6.210110761985502
3109	6.971851651620539
3110	6.291913747750564
3111	5.4837961621046825
3112	6.00245524763662
3113	3.7696465179097403
3114	8.356434288486735
3115	8.423071615248727
3116	6.017994179984906
3117	6.0951504424474185
3118	6.256350315998736
3119	6.305116732414775
3120	6.166493682776596
3121	6.601879811181254
3122	6.612786269941779
3123	6.021500898326088
3124	3.261519133266696
3125	7.251139090446017
3126	6.6890888933444295
3127	7.142911919859483
3128	6.973089744962952
3129	6.7030989111187615
3130	6.332084961882321
3131	7.260182988958347
3132	2.376490766989167
3133	6.5218621009521565
3134	6.32755596534252
3135	6.277643326204059
3136	7.434246911393704
3137	6.884975115088518
3138	6.410960488816347
3139	6.235419800528534
3140	8.183529024538831
3141	6.245632115901581
3142	6.511520980962102
3143	7.001006928430462
3144	6.970155783429448
3145	7.038765103142047
3146	8.143990510707876
3147	8.156112470867988
3148	7.038765103142047
3149	5.750454184547678
3150	4.566107032303689
3151	5.377744683202412
3152	6.238268141828991
3153	6.454734823731268
3154	6.20531200324733
3155	6.248082764332713
3156	2.0825068894327203
3157	8.291802235388841
3158	5.478668340723681
3159	6.962895828505121
3160	5.428364594269918
3161	7.410111655540542
3162	3.4857285317874713
3163	1.870788884673345
3164	5.073799481836681
3165	7.021261263508432
3166	3.3078182320697493
3167	8.37341274100782
3168	7.305055835341719
3169	7.8703153961579835
3170	6.6454586805464535
3171	6.7059885911508506
3172	6.875715010520785
3173	6.406354983158325
3174	4.293028074350672
3175	4.897660537982103
3176	6.649885071845114
3177	6.867696925722049
3178	9.080004242803124
3179	7.34131799961427
3180	5.8522818578647575
3181	8.315337522137593
3182	8.347450305614304
3183	7.762838690850413
3184	7.926171908033488
3185	5.497704752852443
3186	8.072276419789508
3187	7.018085834672556
3188	8.356616074601893
3189	4.421339950332722
3190	8.36036028864274
3191	5.754071104173541
3192	5.754071104173541
3193	5.95456909930179
3194	6.058095352258103
3195	6.0702816844414045
3196	1.3286525149231632
3197	8.119406243265464
3198	5.0846337815234
3199	6.9058115058124425
3200	5.036293187155146
3201	5.1632962841991645
3202	5.720047746538618
3203	6.192034833338501
3204	7.015804866542558
3205	5.8079422719952305
3206	7.697786298365143
3207	7.715175507023141
3208	1.1516575869821717
3209	4.100208187216537
3210	5.562175602723736
3211	5.930062303314741
3212	7.377209142725486
3213	6.355740928376887
3214	8.08298796807761
3215	7.528476134709042
3216	7.742774318980371
3217	6.9698911043834615
3218	7.391373966538738
3219	6.37705179310507
3220	0.9411512123633232
3221	6.986546596154929
3222	7.300374854440491
3223	6.986546596154929
3224	6.986546596154929
3225	6.5424180065373205
3226	6.827217674862499
3227	2.952228774585989
3228	6.986546596154929
3229	6.986546596154929
3230	0.5863973908973646
3231	5.003998816977569
3232	6.848102675705613
3233	6.80954726790604
3234	6.952787393834714
3235	6.298895228608411
3236	6.986546596154929
3237	6.986546596154929
3238	6.986546596154929
3239	6.806909780261571
3240	3.5129155167171984
3241	6.986546596154929
3242	6.598354819583628
3243	6.694389713633423
3244	6.865942098877559
3245	6.84501014642568
3246	6.84501014642568
3247	3.255962635267053
3248	6.806909780261571
3249	6.822601959370605
3250	6.8131793794714435
3251	6.848102675705613
3252	7.710006867885198
3253	6.865942098877559
3254	2.0630712761461925
3255	5.00470974340712
3256	7.880183571684371
3257	1.6229870928403853
3258	8.251087262459789
3259	6.700622481061823
3260	7.6829697056050135
3261	6.873427404215641
3262	8.32707304170362
3263	5.997992983586891
3264	4.162743822191715
3265	5.652125999551548
3266	7.592130473324071
3267	7.74879928080697
3268	7.909173065390197
3269	4.890533212829179
3270	4.841790414105512
3271	7.659690274258032
3272	8.432337453274267
3273	7.303892353398581
3274	7.383827561663704
3275	7.372943607050851
3276	6.354601782462257
3277	8.104002653308257
3278	6.269165807428817
3279	8.472864024901005
3280	0.0
3281	5.1526479076559415
3282	6.55689211548727
3283	7.360326754331967
3284	6.685375172585748
3285	6.445203332551983
3286	7.7004685989334725
3287	1.2235178366821684
3288	6.799732951522848
3289	5.184131324256195
3290	7.898730697136594
3291	6.778601337868773
3292	8.031951190765326
3293	7.462240746130509
3294	5.158023321099709
3295	4.831384543839022
3296	1.702099895908496
3297	7.475120306169588
3298	5.929123307848439
3299	7.526068543235828
3300	5.282666117969747
3301	4.6905830101701085
3302	4.920090371930134
3303	7.7388810535818315
3304	4.355610117868103
3305	7.206223923004205
3306	7.367531649627423
3307	7.154524638255855
3308	3.5824776288647926
3309	6.6889043406365785
3310	1.8658975151250259
3311	7.422599802038707
3312	7.117859868853765
3313	6.973746806433425
3314	2.2792889772247826
3315	3.8838445692766204
3316	3.786560282596995
3317	5.298707410985709
3318	8.09927634828221
3319	3.838791167616073
3320	3.7367142706248684
3321	7.755360042566986
3322	8.051917137497586
3323	4.278325230914139
3324	3.8860383665396756
3325	6.792001167158411
3326	4.524473163971517
3327	8.523570851924143
3328	3.136164679489165
3329	5.6624040471264285
3330	8.861179115761573
3331	7.785376076128215
3332	7.366558401932152
3333	7.544948099677176
3334	6.642573619117015
3335	6.074733251510089
3336	6.642573619117015
3337	8.256579608025637
3338	6.065775597751724
3339	6.516819691348363
3340	7.31367064750642
3341	7.577418962575102
3342	7.265104685859874
3343	4.105249865171916
3344	4.103616996786216
3345	7.484786089071205
3346	7.9698660649159745
3347	7.438725277960255
3348	3.3392335991919504
3349	5.888279012923219
3350	6.78283186832499
3351	6.5588988472601635
3352	7.016548000969652
3353	6.702980080168733
3354	7.366558401932152
3355	6.631269051148331
3356	8.96547779745043
3357	7.366558401932152
3358	1.977359842164504
3359	4.775792704006556
3360	7.144073763554374
3361	5.888279012923219
3362	0.0
3363	6.172242074338284
3364	6.6020367155539175
3365	6.820328197091593
3366	7.507519391312325
3367	6.616075653070583
3368	7.979699121217684
3369	5.09771847639858
3370	7.517643315792198
3371	7.489880027200824
3372	6.90295156688245
3373	5.674177054518189
3374	6.943281104572262
3375	5.770085430858696
3376	7.404633128629658
3377	6.775091394153245
3378	6.919296151087789
3379	1.1516575869821717
3380	6.0610442160497
3381	4.812742127750998
3382	6.273813222057605
3383	5.035571483696672
3384	4.970015883587868
3385	3.283663480985127
3386	7.737148552769712
3387	8.069459231492203
3388	6.040531853823409
3389	7.352567096682842
3390	1.753026417593557
3391	1.8724250450684927
3392	7.6230677857996705
3393	1.3286525149231632
3394	1.753026417593557
3395	6.425104046924156
3396	1.8724250450684927
3397	4.808859011084118
3398	4.785691265517417
3399	6.796292748651676
3400	4.785691265517417
3401	8.388576710256043
3402	6.25467819126795
3403	6.769898337504342
3404	1.751493250265264
3405	5.90949423326465
3406	6.734724651077817
3407	1.3286525149231632
3408	1.3286525149231632
3409	1.4841760786634466
3410	1.4841760786634466
3411	8.273712914082651
3412	1.6244090171512577
3413	4.922953763469754
3414	1.1516575869821717
3415	6.5705130867074555
3416	5.27608463242577
3417	6.982340589854231
3418	6.762615468544899
3419	7.245796952176154
3420	5.96351256700243
3421	5.96351256700243
3422	5.960823956891976
3423	6.225248643194825
3424	4.09474009474271
3425	4.6444978361160185
3426	2.459775285219159
3427	7.56416941681965
3428	5.662661846735732
3429	3.6274668033439785
3430	7.598485511284326
3431	6.2702595080952
3432	6.860201682881068
3433	7.170261312770946
3434	5.652501820373109
3435	1.977359842164504
3436	1.977359842164504
3437	3.9263301795031507
3438	7.448016644469546
3439	4.080519853583384
3440	6.31274835127891
3441	5.133544078317523
3442	5.976377635423341
3443	7.480135405120077
3444	7.570026938540154
3445	3.880560425343337
3446	6.000412142604674
3447	6.423324579858485
3448	5.922677764566083
3449	3.0537156945440436
3450	5.902475651924541
3451	7.275347528996091
3452	6.523968640301632
3453	7.849836877234838
3454	7.849836877234838
3455	6.712895396131831
3456	7.518892669386684
3457	4.405400174713372
3458	7.31583764867762
3459	6.833819587021095
3460	8.253983966892108
3461	7.642682692413855
3462	3.837755878228927
3463	3.887407999541006
3464	7.499989368596329
3465	8.245051714709797
3466	5.913296608192697
3467	6.081658283534512
3468	6.534998616978386
3469	7.639135783771267
3470	7.501909606667791
3471	7.209504826336082
3472	2.9985848390638856
3473	7.578117139458482
3474	3.190875802928732
3475	5.654934679330242
3476	7.075902076778009
3477	7.126415328997821
3478	7.030540432590822
3479	7.190497450895245
3480	6.201588485972572
3481	7.167465171181807
3482	7.132973793630207
3483	5.772750706840308
3484	7.3671238686793
3485	7.4707709100408515
3486	7.232383603150742
3487	7.221929136431258
3488	7.251398852620618
3489	7.26565714109682
3490	7.271632028201013
3491	7.150909900743422
3492	7.4908095114500455
3493	7.124191565868045
3494	6.820867960608884
3495	7.505440674771961
